-2.500000E-02    1.944750E+00
-2.485000E-02    1.932430E+00
-2.470000E-02    1.920200E+00
-2.455000E-02    1.908050E+00
-2.440000E-02    1.895980E+00
-2.425000E-02    1.884000E+00
-2.410000E-02    1.872110E+00
-2.395000E-02    1.860300E+00
-2.380000E-02    1.848570E+00
-2.365000E-02    1.836940E+00
-2.350000E-02    1.825380E+00
-2.335000E-02    1.813910E+00
-2.320000E-02    1.802530E+00
-2.305000E-02    1.791230E+00
-2.290000E-02    1.780010E+00
-2.275000E-02    1.768880E+00
-2.260000E-02    1.757840E+00
-2.245000E-02    1.746870E+00
-2.230000E-02    1.736000E+00
-2.215000E-02    1.725200E+00
-2.200000E-02    1.714490E+00
-2.185000E-02    1.703870E+00
-2.170000E-02    1.693320E+00
-2.155000E-02    1.682860E+00
-2.140000E-02    1.672490E+00
-2.125000E-02    1.662200E+00
-2.110000E-02    1.651990E+00
-2.095000E-02    1.641860E+00
-2.080000E-02    1.631820E+00
-2.065000E-02    1.621860E+00
-2.050000E-02    1.611990E+00
-2.035000E-02    1.602190E+00
-2.020000E-02    1.592480E+00
-2.005000E-02    1.582860E+00
-1.990000E-02    1.573310E+00
-1.975000E-02    1.563850E+00
-1.960000E-02    1.554470E+00
-1.945000E-02    1.545170E+00
-1.930000E-02    1.535950E+00
-1.915000E-02    1.526820E+00
-1.900000E-02    1.517770E+00
-1.885000E-02    1.508800E+00
-1.870000E-02    1.499910E+00
-1.855000E-02    1.491100E+00
-1.840000E-02    1.482380E+00
-1.825000E-02    1.473740E+00
-1.810000E-02    1.465170E+00
-1.795000E-02    1.456690E+00
-1.780000E-02    1.448290E+00
-1.765000E-02    1.439980E+00
-1.750000E-02    1.431740E+00
-1.735000E-02    1.423580E+00
-1.720000E-02    1.415510E+00
-1.705000E-02    1.407510E+00
-1.690000E-02    1.399600E+00
-1.675000E-02    1.391760E+00
-1.660000E-02    1.384010E+00
-1.645000E-02    1.376340E+00
-1.630000E-02    1.368740E+00
-1.615000E-02    1.361230E+00
-1.600000E-02    1.353800E+00
-1.585000E-02    1.346450E+00
-1.570000E-02    1.339170E+00
-1.555000E-02    1.331980E+00
-1.540000E-02    1.324870E+00
-1.525000E-02    1.317830E+00
-1.510000E-02    1.310880E+00
-1.495000E-02    1.304000E+00
-1.480000E-02    1.297210E+00
-1.465000E-02    1.290490E+00
-1.450000E-02    1.283850E+00
-1.435000E-02    1.277290E+00
-1.420000E-02    1.270810E+00
-1.405000E-02    1.264410E+00
-1.390000E-02    1.258090E+00
-1.375000E-02    1.251840E+00
-1.360000E-02    1.245680E+00
-1.345000E-02    1.239590E+00
-1.330000E-02    1.233580E+00
-1.315000E-02    1.227650E+00
-1.300000E-02    1.221800E+00
-1.285000E-02    1.216020E+00
-1.270000E-02    1.210320E+00
-1.255000E-02    1.204710E+00
-1.240000E-02    1.199160E+00
-1.225000E-02    1.193700E+00
-1.210000E-02    1.188310E+00
-1.195000E-02    1.183000E+00
-1.180000E-02    1.177770E+00
-1.165000E-02    1.172620E+00
-1.150000E-02    1.167540E+00
-1.135000E-02    1.162540E+00
-1.120000E-02    1.157610E+00
-1.105000E-02    1.152770E+00
-1.090000E-02    1.147990E+00
-1.075000E-02    1.143300E+00
-1.060000E-02    1.138680E+00
-1.045000E-02    1.134140E+00
-1.030000E-02    1.129680E+00
-1.015000E-02    1.125290E+00
-1.000000E-02    1.120980E+00
-9.850000E-03    1.116740E+00
-9.700000E-03    1.112580E+00
-9.550000E-03    1.108490E+00
-9.400000E-03    1.104480E+00
-9.250000E-03    1.100550E+00
-9.100000E-03    1.096690E+00
-8.950000E-03    1.092910E+00
-8.800000E-03    1.089200E+00
-8.650000E-03    1.085570E+00
-8.500000E-03    1.082010E+00
-8.350000E-03    1.078530E+00
-8.200000E-03    1.075120E+00
-8.050000E-03    1.071790E+00
-7.900000E-03    1.068530E+00
-7.750000E-03    1.065350E+00
-7.600000E-03    1.062240E+00
-7.450000E-03    1.059210E+00
-7.300000E-03    1.056250E+00
-7.150000E-03    1.053360E+00
-7.000000E-03    1.050550E+00
-6.850000E-03    1.047810E+00
-6.700000E-03    1.045150E+00
-6.550000E-03    1.042560E+00
-6.400000E-03    1.040040E+00
-6.250000E-03    1.037600E+00
-6.100000E-03    1.035230E+00
-5.950000E-03    1.032930E+00
-5.800000E-03    1.030710E+00
-5.650000E-03    1.028560E+00
-5.500000E-03    1.026490E+00
-5.350000E-03    1.024480E+00
-5.200000E-03    1.022550E+00
-5.050000E-03    1.020700E+00
-4.900000E-03    1.018910E+00
-4.750000E-03    1.017200E+00
-4.600000E-03    1.015560E+00
-4.450000E-03    1.013990E+00
-4.300000E-03    1.012500E+00
-4.150000E-03    1.011080E+00
-4.000000E-03    1.009730E+00
-3.850000E-03    1.008450E+00
-3.700000E-03    1.007240E+00
-3.550000E-03    1.006110E+00
-3.400000E-03    1.005050E+00
-3.250000E-03    1.004060E+00
-3.100000E-03    1.003140E+00
-2.950000E-03    1.002290E+00
-2.800000E-03    1.001510E+00
-2.650000E-03    1.000810E+00
-2.500000E-03    1.000180E+00
-2.350000E-03    9.996130E-01
-2.200000E-03    9.991210E-01
-2.050000E-03    9.987000E-01
-1.900000E-03    9.983500E-01
-1.750000E-03    9.980710E-01
-1.600000E-03    9.978620E-01
-1.450000E-03    9.977240E-01
-1.300000E-03    9.976560E-01
-1.150000E-03    9.976580E-01
-1.000000E-03    9.977300E-01
-8.500000E-04    9.978730E-01
-7.000000E-04    9.980860E-01
-5.500000E-04    9.983680E-01
-4.000000E-04    9.987200E-01
-2.500000E-04    9.991420E-01
-1.000000E-04    9.996340E-01
5.000000E-05    1.000190E+00
2.000000E-04    1.000830E+00
3.500000E-04    1.001520E+00
5.000000E-04    1.002290E+00
6.500000E-04    1.003130E+00
8.000000E-04    1.004040E+00
9.500000E-04    1.005010E+00
1.100000E-03    1.006060E+00
1.250000E-03    1.007170E+00
1.400000E-03    1.008360E+00
1.550000E-03    1.009610E+00
1.700000E-03    1.010920E+00
1.850000E-03    1.012310E+00
2.000000E-03    1.013770E+00
2.150000E-03    1.015290E+00
2.300000E-03    1.016880E+00
2.450000E-03    1.018540E+00
2.600000E-03    1.020270E+00
2.750000E-03    1.022070E+00
2.900000E-03    1.023930E+00
3.050000E-03    1.025860E+00
3.200000E-03    1.027860E+00
3.350000E-03    1.029920E+00
3.500000E-03    1.032050E+00
3.650000E-03    1.034250E+00
3.800000E-03    1.036520E+00
3.950000E-03    1.038850E+00
4.100000E-03    1.041250E+00
4.250000E-03    1.043720E+00
4.400000E-03    1.046250E+00
4.550000E-03    1.048850E+00
4.700000E-03    1.051520E+00
4.850000E-03    1.054250E+00
5.000000E-03    1.057050E+00
5.150000E-03    1.059920E+00
5.300000E-03    1.062850E+00
5.450000E-03    1.065850E+00
5.600000E-03    1.068910E+00
5.750000E-03    1.072040E+00
5.900000E-03    1.075240E+00
6.050000E-03    1.078500E+00
6.200000E-03    1.081820E+00
6.350000E-03    1.085210E+00
6.500000E-03    1.088670E+00
6.650000E-03    1.092190E+00
6.800000E-03    1.095780E+00
6.950000E-03    1.099430E+00
7.100000E-03    1.103150E+00
7.250000E-03    1.106930E+00
7.400000E-03    1.110770E+00
7.550000E-03    1.114680E+00
7.700000E-03    1.118660E+00
7.850000E-03    1.122700E+00
8.000000E-03    1.126800E+00
8.150000E-03    1.130970E+00
8.300000E-03    1.135200E+00
8.450000E-03    1.139500E+00
8.600000E-03    1.143860E+00
8.750000E-03    1.148280E+00
8.900000E-03    1.152770E+00
9.050000E-03    1.157320E+00
9.200000E-03    1.161930E+00
9.350000E-03    1.166610E+00
9.500000E-03    1.171350E+00
9.650000E-03    1.176160E+00
9.800000E-03    1.181030E+00
9.950000E-03    1.185960E+00
1.010000E-02    1.190950E+00
1.025000E-02    1.196010E+00
1.040000E-02    1.201130E+00
1.055000E-02    1.206310E+00
1.070000E-02    1.211550E+00
1.085000E-02    1.216860E+00
1.100000E-02    1.222230E+00
1.115000E-02    1.227660E+00
1.130000E-02    1.233150E+00
1.145000E-02    1.238710E+00
1.160000E-02    1.244320E+00
1.175000E-02    1.250000E+00
1.190000E-02    1.255740E+00
1.205000E-02    1.261550E+00
1.220000E-02    1.267410E+00
1.235000E-02    1.273340E+00
1.250000E-02    1.279320E+00
1.265000E-02    1.285370E+00
1.280000E-02    1.291480E+00
1.295000E-02    1.297650E+00
1.310000E-02    1.303880E+00
1.325000E-02    1.310170E+00
1.340000E-02    1.316520E+00
1.355000E-02    1.322940E+00
1.370000E-02    1.329410E+00
1.385000E-02    1.335950E+00
1.400000E-02    1.342540E+00
1.415000E-02    1.349200E+00
1.430000E-02    1.355910E+00
1.445000E-02    1.362690E+00
1.460000E-02    1.369520E+00
1.475000E-02    1.376420E+00
1.490000E-02    1.383370E+00
1.505000E-02    1.390390E+00
1.520000E-02    1.397460E+00
1.535000E-02    1.404590E+00
1.550000E-02    1.411790E+00
1.565000E-02    1.419040E+00
1.580000E-02    1.426350E+00
1.595000E-02    1.433720E+00
1.610000E-02    1.441150E+00
1.625000E-02    1.448640E+00
1.640000E-02    1.456180E+00
1.655000E-02    1.463790E+00
1.670000E-02    1.471450E+00
1.685000E-02    1.479180E+00
1.700000E-02    1.486960E+00
1.715000E-02    1.494800E+00
1.730000E-02    1.502700E+00
1.745000E-02    1.510650E+00
1.760000E-02    1.518670E+00
1.775000E-02    1.526740E+00
1.790000E-02    1.534870E+00
1.805000E-02    1.543050E+00
1.820000E-02    1.551300E+00
1.835000E-02    1.559600E+00
1.850000E-02    1.567960E+00
1.865000E-02    1.576380E+00
1.880000E-02    1.584850E+00
1.895000E-02    1.593380E+00
1.910000E-02    1.601970E+00
1.925000E-02    1.610620E+00
1.940000E-02    1.619320E+00
1.955000E-02    1.628080E+00
1.970000E-02    1.636890E+00
1.985000E-02    1.645770E+00
2.000000E-02    1.654690E+00
2.015000E-02    1.663680E+00
2.030000E-02    1.672720E+00
2.045000E-02    1.681820E+00
2.060000E-02    1.690970E+00
2.075000E-02    1.700180E+00
2.090000E-02    1.709440E+00
2.105000E-02    1.718760E+00
2.120000E-02    1.728140E+00
2.135000E-02    1.737570E+00
2.150000E-02    1.747060E+00
2.165000E-02    1.756600E+00
2.180000E-02    1.766200E+00
2.195000E-02    1.775850E+00
2.210000E-02    1.785560E+00
2.225000E-02    1.795320E+00
2.240000E-02    1.805140E+00
2.255000E-02    1.815010E+00
2.270000E-02    1.824940E+00
2.285000E-02    1.834920E+00
2.300000E-02    1.844960E+00
2.315000E-02    1.855050E+00
2.330000E-02    1.865190E+00
2.345000E-02    1.875390E+00
2.360000E-02    1.885650E+00
2.375000E-02    1.895950E+00
2.390000E-02    1.906310E+00
2.405000E-02    1.916730E+00
2.420000E-02    1.927200E+00
2.435000E-02    1.937720E+00
2.450000E-02    1.948290E+00
2.465000E-02    1.958920E+00
2.480000E-02    1.969610E+00
2.495000E-02    1.980340E+00
2.510000E-02    1.991130E+00
2.525000E-02    2.001970E+00
2.540000E-02    2.012860E+00
2.555000E-02    2.023810E+00
2.570000E-02    2.034810E+00
2.585000E-02    2.045860E+00
2.600000E-02    2.056970E+00
2.615000E-02    2.068130E+00
2.630000E-02    2.079330E+00
2.645000E-02    2.090600E+00
2.660000E-02    2.101910E+00
2.675000E-02    2.113280E+00
2.690000E-02    2.124690E+00
2.705000E-02    2.136160E+00
2.720000E-02    2.147680E+00
2.735000E-02    2.159260E+00
2.750000E-02    2.170880E+00
2.765000E-02    2.182560E+00
2.780000E-02    2.194280E+00
2.795000E-02    2.206060E+00
2.810000E-02    2.217890E+00
2.825000E-02    2.229770E+00
2.840000E-02    2.241700E+00
2.855000E-02    2.253690E+00
2.870000E-02    2.265720E+00
2.885000E-02    2.277800E+00
2.900000E-02    2.289940E+00
2.915000E-02    2.302120E+00
2.930000E-02    2.314350E+00
2.945000E-02    2.326640E+00
2.960000E-02    2.338980E+00
2.975000E-02    2.351360E+00
2.990000E-02    2.363800E+00
3.005000E-02    2.376280E+00
3.020000E-02    2.388810E+00
3.035000E-02    2.401400E+00
3.050000E-02    2.414030E+00
3.065000E-02    2.426720E+00
3.080000E-02    2.439450E+00
3.095000E-02    2.452230E+00
3.110000E-02    2.465060E+00
3.125000E-02    2.477940E+00
3.140000E-02    2.490870E+00
3.155000E-02    2.503850E+00
3.170000E-02    2.516880E+00
3.185000E-02    2.529950E+00
3.200000E-02    2.543070E+00
3.215000E-02    2.556250E+00
3.230000E-02    2.569470E+00
3.245000E-02    2.582740E+00
3.260000E-02    2.596050E+00
3.275000E-02    2.609420E+00
3.290000E-02    2.622830E+00
3.305000E-02    2.636290E+00
3.320000E-02    2.649800E+00
3.335000E-02    2.663360E+00
3.350000E-02    2.676960E+00
3.365000E-02    2.690610E+00
3.380000E-02    2.704310E+00
3.395000E-02    2.718060E+00
3.410000E-02    2.731850E+00
3.425000E-02    2.745690E+00
3.440000E-02    2.759580E+00
3.455000E-02    2.773520E+00
3.470000E-02    2.787500E+00
3.485000E-02    2.801520E+00
3.500000E-02    2.815600E+00
3.515000E-02    2.829720E+00
3.530000E-02    2.843890E+00
3.545000E-02    2.858100E+00
3.560000E-02    2.872360E+00
3.575000E-02    2.886670E+00
3.590000E-02    2.901020E+00
3.605000E-02    2.915420E+00
3.620000E-02    2.929860E+00
3.635000E-02    2.944350E+00
3.650000E-02    2.958890E+00
3.665000E-02    2.973470E+00
3.680000E-02    2.988090E+00
3.695000E-02    3.002760E+00
3.710000E-02    3.017480E+00
3.725000E-02    3.032240E+00
3.740000E-02    3.047050E+00
3.755000E-02    3.061900E+00
3.770000E-02    3.076800E+00
3.785000E-02    3.091740E+00
3.800000E-02    3.106720E+00
3.815000E-02    3.121750E+00
3.830000E-02    3.136830E+00
3.845000E-02    3.151950E+00
3.860000E-02    3.167110E+00
3.875000E-02    3.182320E+00
3.890000E-02    3.197570E+00
3.905000E-02    3.212860E+00
3.920000E-02    3.228200E+00
3.935000E-02    3.243590E+00
3.950000E-02    3.259010E+00
3.965000E-02    3.274480E+00
3.980000E-02    3.290000E+00
3.995000E-02    3.305550E+00
4.010000E-02    3.321150E+00
4.025000E-02    3.336800E+00
4.040000E-02    3.352480E+00
4.055000E-02    3.368210E+00
4.070000E-02    3.383990E+00
4.085000E-02    3.399800E+00
4.100000E-02    3.415660E+00
4.115000E-02    3.431560E+00
4.130000E-02    3.447500E+00
4.145000E-02    3.463490E+00
4.160000E-02    3.479510E+00
4.175000E-02    3.495580E+00
4.190000E-02    3.511690E+00
4.205000E-02    3.527850E+00
4.220000E-02    3.544040E+00
4.235000E-02    3.560280E+00
4.250000E-02    3.576560E+00
4.265000E-02    3.592880E+00
4.280000E-02    3.609240E+00
4.295000E-02    3.625650E+00
4.310000E-02    3.642090E+00
4.325000E-02    3.658580E+00
4.340000E-02    3.675100E+00
4.355000E-02    3.691670E+00
4.370000E-02    3.708280E+00
4.385000E-02    3.724930E+00
4.400000E-02    3.741620E+00
4.415000E-02    3.758350E+00
4.430000E-02    3.775120E+00
4.445000E-02    3.791930E+00
4.460000E-02    3.808790E+00
4.475000E-02    3.825680E+00
4.490000E-02    3.842610E+00
4.505000E-02    3.859580E+00
4.520000E-02    3.876600E+00
4.535000E-02    3.893650E+00
4.550000E-02    3.910740E+00
4.565000E-02    3.927870E+00
4.580000E-02    3.945040E+00
4.595000E-02    3.962250E+00
4.610000E-02    3.979500E+00
4.625000E-02    3.996790E+00
4.640000E-02    4.014120E+00
4.655000E-02    4.031490E+00
4.670000E-02    4.048890E+00
4.685000E-02    4.066340E+00
4.700000E-02    4.083820E+00
4.715000E-02    4.101340E+00
4.730000E-02    4.118900E+00
4.745000E-02    4.136500E+00
4.760000E-02    4.154140E+00
4.775000E-02    4.171820E+00
4.790000E-02    4.189530E+00
4.805000E-02    4.207280E+00
4.820000E-02    4.225070E+00
4.835000E-02    4.242900E+00
4.850000E-02    4.260770E+00
4.865000E-02    4.278670E+00
4.880000E-02    4.296610E+00
4.895000E-02    4.314590E+00
4.910000E-02    4.332600E+00
4.925000E-02    4.350660E+00
4.940000E-02    4.368750E+00
4.955000E-02    4.386870E+00
4.970000E-02    4.405040E+00
4.985000E-02    4.423240E+00
5.000000E-02    4.441480E+00