x positions (m)	Enthalpy values (J/kg)	Velocity values (m/s)	Density values (kg/m^3)	Pressure (Pa)	Temperature (K)	Mach number values
-0.025	7134480.270089448	379.645775094707	3.4273968868136864	4755706.404693192	4467.84729069032	0.2931396066452038
-0.025	7127403.702140735	397.84928106594185	3.413445886203093	4732255.425371516	4464.6782499617275	0.30732914358930963
-0.025	7120327.134192022	415.2555675028507	3.399538963633214	4708900.596516918	4461.5070962493755	0.3209149115071264
-0.0244	7113250.566243309	431.9610193519093	3.3856758162611174	4685639.240698231	4458.333768740555	0.3339706825704715
-0.02365	7106173.998294596	448.0440359350479	3.3718563583064944	4662471.8458137335	4455.158322995745	0.3465564657421869
-0.0229	7099097.430345883	463.5694058438201	3.358080891799732	4639398.2327157855	4451.980707674738	0.3587216664762586
-0.0223	7092020.862397169	478.59140185738835	3.3443496314530647	4616419.123595603	4448.801166814721	0.370507816121247
-0.0217	7084944.294448456	493.15602584703976	3.330661468702385	4593532.829794711	4445.619368275608	0.3819500549706574
-0.0211	7077867.726499743	507.30267269813595	3.317016670919486	4570739.0786358155	4442.435485645573	0.39307842658323994
-0.0205	7070791.158551029	521.065387090814	3.303415632023829	4548038.254376936	4439.2495907469565	0.40391896411393935
-0.02005	7063714.590602316	534.4738286591082	3.2898572581925607	4525429.590673673	4436.061522827096	0.4144942748461155
-0.01945	7056638.022653603	547.5540242012214	3.2763422022188298	4502912.536801266	4432.871381709251	0.42482419680224215
-0.019	7049561.454704889	560.3289616969478	3.2628708343680306	4480488.104420077	4429.679299956563	0.4349260867725904
-0.01855	7042484.886756176	572.8190649880688	3.249441114513584	4458153.447762585	4426.484910951989	0.44481583059280194
-0.0181	7035408.318807463	585.0425771781328	3.2360545336921196	4435910.246810743	4423.288538147004	0.454507168482975
-0.0178	7028331.75085875	597.0158733305651	3.2227108613191007	4413758.511322031	4420.0902076925795	0.46401249390116445
-0.01735	7021255.182910036	608.7537177759863	3.209409235505918	4391696.294802607	4416.889635113309	0.47334309555326853
-0.0169	7014178.614961323	620.2694775688315	3.1961498400765134	4369723.6502081705	4413.6869324230165	0.4825093310731181
-0.0166	7007102.04701261	631.575300895259	3.1829330293800155	4347841.333220214	4410.482254464622	0.49152016908538404
-0.01615	7000025.479063896	642.6822672194751	3.169758527647996	4326048.701585644	4407.2756017322645	0.5003841118414838
-0.01585	6992948.9111151835	653.6005144549617	3.1566258182549816	4304344.824231117	4404.066795295867	0.5091089296545033
-0.01555	6985872.3431664705	664.3393473167283	3.143534634742423	4282728.799747245	4400.855898588124	0.5177016898042419
-0.01525	6978795.775217757	674.9073301503284	3.13048539012671	4261201.65678945	4397.642929828922	0.5261688866425969
-0.01495	6971719.207269044	685.3123668722683	3.117477949210449	4239763.071834399	4394.427975760222	0.5345165120503222
-0.0145	6964642.639320331	695.5617701437424	3.1045113565307405	4218411.66607418	4391.210901031039	0.5427501762223047
-0.0142	6957566.071371618	705.6623214986912	3.0915866319356993	4197147.666638407	4387.991821016704	0.5508748587284698
-0.0139	6950489.503422904	715.6203238312548	3.0787031799380182	4175971.8241280117	4384.77072112263	0.5588953497778243
-0.01375	6943412.935474191	725.4416473967951	3.0658608218844243	4154882.009548016	4381.547608243776	0.566816489367589
-0.01345	6936336.367525478	735.1317702801327	3.0530593693862595	4133878.037662399	4378.322315979026	0.5746420452917255
-0.01315	6929259.799576764	744.6958141232094	3.040298955829702	4112961.4421917023	4375.0952550008205	0.5823759337389894
-0.01285	6922183.231628051	754.1385757737471	3.027579141477744	4092130.382573801	4371.8660163991835	0.5900219329243565
-0.01255	6915106.663679338	763.4645554100607	3.014900183339505	4071384.3359636446	4368.634818042942	0.5975833874533334
-0.0124	6908030.095730624	772.6779816100038	3.002261784779899	4050724.890476249	4365.401686098168	0.6050634307202861
-0.0121	6900953.527781911	781.7828337603323	2.9896634551055206	4030149.483595357	4362.166430344094	0.6124652655574646
-0.0118	6893876.959833198	790.7828621434339	2.9771057114707	4009659.1250766586	4358.929344236504	0.6197913993452985
-0.01165	6886800.391884485	799.6816059890256	2.9645877192230174	3989252.83787162	4355.690233597608	0.6270448955010374
-0.01135	6879723.823935771	808.4824097372898	2.9521102510465793	3968930.658046788	4352.449138941508	0.6342281429136042
-0.0112	6872647.255987058	817.1884377253762	2.9396721105767125	3948691.535073536	4349.206115875213	0.6413434836311782
-0.0109	6865570.688038345	825.8026874801673	2.927274058622518	3928536.9011363043	4345.9612714692275	0.648393145743708
-0.01075	6858494.1200896315	834.3280017756174	2.9149158184768944	3908464.914942255	4342.714501174118	0.6553793681895914
-0.01045	6851417.552140919	842.7670795921733	2.902596557208499	3888475.3795191487	4339.465772511456	0.6623042377512043
-0.0103	6844340.984192206	851.1224860980625	2.8903167521339936	3868568.9188048714	4336.215228794787	0.6691695844605234
-0.01015	6837264.416243492	859.3966617570575	2.8780762306612786	3848744.1320839305	4332.962853533911	0.6759772077790411
-0.00985	6830187.848294779	867.5919306543833	2.8658745362580773	3829000.7302744132	4329.70850026742	0.6827292590642908
-0.0097	6823111.280346066	875.7105081212776	2.8537122447580474	3809339.57516663	4326.452503494176	0.6894269207210878
-0.00955	6816034.712397353	883.7545077290707	2.8415881372956906	3789759.0533218663	4323.194653180908	0.6960720512936129
-0.00925	6808958.144448639	891.7259477153729	2.8295029223057204	3770259.5742195244	4319.935056780304	0.7026661632681899
-0.0091	6801881.576499926	899.626756897718	2.8174560932326718	3750840.6401728056	4316.673726968852	0.7092105832427206
-0.00895	6794805.008551213	907.4587801237761	2.8054476812920734	3731501.8530093883	4313.410687454377	0.7157066699973357
-0.00865	6787728.440602499	915.223783301745	2.7934774662093482	3712242.7214436573	4310.145981965989	0.7221560933143069
-0.0085	6780651.872653786	922.9234580497916	2.7815453105630423	3693063.626584062	4306.879649108607	0.7285597995981946
-0.00835	6773575.304705073	930.5594259992273	2.769651240589464	3673963.934668187	4303.611739416022	0.7349190886242513
-0.0082	6766498.73675636	938.1332427824085	2.757794695291662	3654942.646064641	4300.342176131136	0.7412353199553618
-0.0079	6759422.168807646	945.6464017331558	2.745975687268151	3636000.2301008	4297.070949784425	0.7475094948764223
-0.00775	6752345.600858933	953.1003373246131	2.7341942048457044	3617136.131416308	4293.79827989486	0.75374261350531
-0.0076	6745269.03291022	960.4964283669758	2.7224500908789344	3598349.6341615478	4290.524117611216	0.759935835667921
-0.00745	6738192.464961506	967.8360009852624	2.7107431973394034	3579641.433170018	4287.248560987458	0.766090055552254
-0.0073	6731115.897012793	975.1203313953467	2.69907309857735	3561010.0023837434	4283.971362684272	0.7722063613292025
-0.00715	6724039.3290640805	982.3506484947198	2.687440023386455	3542456.0139210243	4280.6929817863165	0.7782857920137166
-0.007	6716962.761115367	989.5281362828571	2.675843746948218	3523978.6841524323	4277.41313005469	0.7843288688804527
-0.0067	6709886.193166654	996.6539361246964	2.664284096822086	3505577.7703168034	4274.131976926356	0.7903367532229667
-0.00655	6702809.625217941	1003.7291488694927	2.6527606578515663	3487252.718655379	4270.849480528971	0.7963101748877007
-0.0064	6695733.057269228	1010.7548368361649	2.641273505568415	3469003.69994652	4267.565651800111	0.8022500138354925
-0.00625	6688656.489320514	1017.7320256752905	2.629822909081687	3450829.794111235	4264.280660520217	0.8081569176824588
-0.0061	6681579.921371801	1024.661706116978	2.6184081221836646	3432731.9535258273	4260.99449143728	0.8140317131997348
-0.00595	6674503.353423088	1031.5448356130635	2.607029362287039	3414708.5240955716	4257.707163069623	0.8198751990305009
-0.0058	6667426.785474374	1038.3823398813222	2.5956861989625506	3396759.489166478	4254.4186711139055	0.8256880635915128
-0.00565	6660350.217525661	1045.1751143587546	2.5843785211107164	3378885.199666033	4251.129075634947	0.8314708342663475
-0.0055	6653273.649576948	1051.9240255704124	2.573106769726274	3361084.633332671	4247.838502794786	0.837224205063535
-0.00535	6646197.081628234	1058.6299124196753	2.561870286723468	3343357.9061722117	4244.546775974587	0.8429490151850595
-0.0052	6639120.513679521	1065.2935874054228	2.55066903969555	3325704.8984575355	4241.254178305103	0.8486455173068338
-0.00505	6632043.945730808	1071.9158377711103	2.5395028822807393	3308125.1283762897	4237.9606003254	0.8543146895839633
-0.0049	6624967.377782095	1078.4974265903313	2.528371629649425	3290618.0864385692	4234.666037442734	0.8599569824648949
-0.00475	6617890.809833381	1085.03909379312	2.517275368829724	3273183.6051648995	4231.37068016386	0.8655727981449979
-0.0046	6610814.241884668	1091.5415571368874	2.506214020958147	3255822.041155611	4228.0745047987475	0.8711628052550272
-0.00445	6603737.673935955	1098.0055131256158	2.4951870915958634	3238532.095596722	4224.777448400503	0.8767276556480388
-0.0043	6596661.1059872415	1104.4316378806227	2.4841946608480265	3221313.52515288	4221.479581907584	0.8822677408554283
-0.00415	6589584.5380385285	1110.8205879659868	2.473236629112176	3204167.188862239	4218.1810153379665	0.887783522260588
-0.004	6582507.970089816	1117.1730011714956	2.4623129251079	3187091.7953083324	4214.881783798354	0.8932754911763946
-0.00385	6575431.402141102	1123.4894972557395	2.4514236810571908	3170088.098855362	4211.581893863464	0.898744065327969
-0.0037	6568354.834192389	1129.770678651814	2.440568168984556	3153154.3288963647	4208.281343283731	0.904189946290171
-0.0037	6561278.266243676	1136.0171311379095	2.429746949107478	3136291.707442291	4204.9801964065955	0.909613264861879
-0.00355	6554201.698294963	1142.2294244748873	2.418959433133738	3119499.018070817	4201.678495869966	0.9150148089107825
-0.0034	6547125.130346249	1148.4081130128175	2.408205423534416	3102776.2482257434	4198.376224563789	0.9203946054442501
-0.00325	6540048.562397536	1154.5537362682976	2.397485314868631	3086123.749629989	4195.0735393057785	0.925753324079075
-0.0031	6532971.994448823	1160.6668194742674	2.3867988291431863	3069540.4874725747	4191.770289002466	0.9310913887606397
-0.00295	6525895.426500109	1166.747874103887	2.376145679102696	3053026.229936462	4188.46678724637	0.9364090723801021
-0.0028	6518818.858551396	1172.797398369968	2.365525881329411	3036581.453345603	4185.162753224236	0.9417066939913962
-0.00265	6511742.290602683	1178.8158777013446	2.3549393547271444	3020204.9997295453	4181.858385090696	0.9469848563233686
-0.0025	6504665.72265397	1184.8037851974552	2.344386034043948	3003897.564555844	4178.553725697549	0.952243629547845
-0.00235	6497589.154705256	1190.7615820623562	2.3338658151840757	2987658.4248763076	4175.248836243763	0.9574835687450092
-0.00235	6490512.586756543	1196.689718019283	2.3233784284185437	2971487.168292343	4171.943535878838	0.9627049828490402
-0.0022	6483436.01880783	1202.5886317068264	2.31292390525163	2955383.558124713	4168.638149042095	0.9679082222336194
-0.00205	6476359.450859116	1208.4587510576953	2.302502370120408	2939347.8189050835	4165.332594743091	0.9730934673849337
-0.0019	6469282.882910403	1214.3004936610012	2.2921136348182944	2923379.915992929	4162.026830051856	0.9782611630930913
-0.00175	6462206.31496169	1220.1142671089362	2.2817572905129	2907478.5985034793	4158.720957427654	0.983411690773502
-0.0016	6455129.747012977	1225.9004693286502	2.271433715490186	2891644.491684181	4155.415001131096	0.9885452005267031
-0.00145	6448053.179064264	1231.6594889000899	2.2611425496278708	2875877.233868239	4152.108995990482	0.9936620617609416
-0.00145	6440976.611115551	1237.3917053605364	2.25088361453586	2860176.2889306876	4148.80290042229	0.9987626795836626
-0.0013	6433900.043166837	1243.0974894964934	2.2406570514110884	2844541.6134219565	4145.496902703205	1.0038470388828051
-0.0013	6426823.475218124	1248.7772036235729	2.2304628318726345	2828973.1505328463	4142.190904566833	1.0089156496163665
-0.00115	6419746.907269411	1254.4312018549826	2.2203008796383217	2813470.92736357	4138.88500465628	1.013968763505009
-0.001	6412670.339320698	1260.0598303591628	2.210170756678556	2798034.1274954067	4135.579153506022	1.0190065746967143
-0.00085	6405593.771371984	1265.6634276071147	2.2000729295589454	2782662.4668798093	4132.273488469293	1.0240293741469195
-0.0007	6398517.203423271	1271.242324609913	2.1900069091301027	2767356.3933519074	4128.967916706863	1.0290375638505231
-0.00055	6391440.635474558	1276.7968451468862	2.179972965515551	2752115.6158012995	4125.662613687526	1.0340309587470413
-0.0004	6384364.067525844	1282.3273059848914	2.1699704819332792	2736939.137062006	4122.357491818884	1.0390103142636546
-0.0004	6377287.499577131	1287.8340170891183	2.1599999685349958	2721827.6461152835	4119.052593268223	1.043975614787228
-0.00025	6370210.931628418	1293.3172818258176	2.150061032232556	2706780.6483999332	4115.748007031679	1.0489270732672273
-0.0001	6363134.363679705	1298.7773971573217	2.1401538424039996	2691797.746700415	4112.443744270383	1.0538649976358616
5e-05	6356057.795730991	1304.2146538297195	2.1302781875262125	2676879.074853214	4109.139810855471	1.058789421540952
0.0002	6348981.227782278	1309.6293365535155	2.1204340566089237	2662024.157540567	4105.836229854399	1.0637009154677681
0.0002	6341904.659833565	1315.0217241775997	2.1106212375343345	2647233.167210785	4102.533101161431	1.068599378315613
0.00035	6334828.091884851	1320.3920898568178	2.100840180636269	2632505.7195476596	4099.230316769065	1.0734851318136733
0.0005	6327751.5239361385	1325.7407012134313	2.091090174165197	2617841.115588215	4095.9280489232956	1.0783584353867275
0.00065	6320674.9559874255	1331.067820492745	2.081371363856097	2603240.168922399	4092.626208230923	1.0832194465656906
0.0008	6313598.388038712	1336.3737047131444	2.0716839421033506	2588702.193412373	4089.324865073848	1.0880682452287984
0.0008	6306521.820089999	1341.6586058107928	2.0620276667149944	2574226.6390436245	4086.0240620247114	1.092905224983042
0.00095	6299445.252141286	1346.9227707792256	2.05240251705628	2559813.82258883	4082.7238101560642	1.0977304378603536
0.0011	6292368.684192572	1352.166441804046	2.0428084967718596	2545463.44314104	4079.4241523298756	1.102544111618097
0.00125	6285292.116243859	1357.3898563929376	2.033245549890319	2531175.2876080517	4076.125104227973	1.1073463887665131
0.00125	6278215.548295146	1362.5932475011998	2.023713362424704	2516949.141565622	4072.8266520908414	1.1121375320259015
0.0014	6271138.980346433	1367.7768436529739	2.014212235088006	2502784.73337221	4069.5288068447785	1.1169177731418929
0.00155	6264062.412397719	1372.9408690583582	2.0047419934910464	2488682.3036532616	4066.231687315482	1.1216870616270043
0.0017	6256985.844449006	1378.0855437265661	1.9953025418413703	2474641.25647737	4062.935284242592	1.1264457261196315
0.0017	6249909.276500293	1383.2110835753058	1.9858940072370057	2460661.6013714257	4059.639626681938	1.1311938673764699
0.00185	6242832.70855158	1388.3177005365153	1.9765162079555463	2446743.252753495	4056.344680322719	1.13593161381983
0.002	6235756.140602866	1393.4056026586177	1.9671690619276594	2432885.7674599015	4053.0504741968543	1.1406592614452382
0.00215	6228679.572654153	1398.4749942054207	1.9578526810552175	2419089.1231103134	4049.7570820353344	1.1453768560832318
0.00215	6221603.00470544	1403.5260757518106	1.9485668022351663	2405353.184314319	4046.464512797848	1.1500846296228677
0.0023	6214526.436756726	1408.5590442763503	1.9393117046983819	2391678.0644440623	4043.172758474835	1.1547826211160401
0.00245	6207449.868808013	1413.5740932509095	1.9300870773101388	2378062.734327994	4039.881839775963	1.1594711059687894
0.0026	6200373.3008593	1418.5714127274512	1.9208929663767682	2364508.0099479905	4036.5918031937526	1.1641499340922294
0.0026	6193296.7329105865	1423.551189422068	1.9117292918198847	2351013.0581545574	4033.3026612669664	1.1688197308085682
0.00275	6186220.164961874	1428.5136067963829	1.9025961620263383	2337578.2735493933	4030.014443387294	1.1734802568135214
0.0029	6179143.597013161	1433.458845136419	1.8934934179042984	2324203.0703863907	4026.727152134627	1.178131805273916
0.00305	6172067.029064447	1438.3870816290253	1.884421135909556	2310887.3825240675	4023.440817251025	1.1827745152950488
0.00305	6164990.461115734	1443.2984904359494	1.875379093211729	2297630.996041473	4020.15543000872	1.187408396590264
0.0032	6157913.893167021	1448.1932427656595	1.866367489242664	2284434.0278864866	4016.8710350215156	1.1920337367099412
0.00335	6150837.325218308	1453.0715069429798	1.8573860360782588	2271295.9243025174	4013.5876197575103	1.196650531498232
0.0035	6143760.757269594	1457.9334484766339	1.848434922089642	2258216.9248761376	4010.3052814416633	1.2012589091140329
0.0035	6136684.189320881	1462.7792301247634	1.839514068992419	2245196.634670659	4007.0239392558597	1.2058591405643375
0.00365	6129607.621372168	1467.6090119585058	1.8306234860176698	2232234.977898314	4003.7436431568126	1.2104512276564348
0.0038	6122531.053423454	1472.4229514236897	1.8217629318650859	2219331.6823966075	4000.464435955366	1.2150353381212289
0.0038	6115454.485474741	1477.2212034007214	1.81293264171327	2206486.8997065523	3997.1863263558857	1.2196114794657906
0.00395	6108377.917526028	1482.0039202627304	1.8041323243772933	2193699.9036809793	3993.909297464757	1.224179964619533
0.0041	6101301.349577315	1486.771251932027	1.7953621297614073	2180971.2323177257	3990.6334151402916	1.228740594948657
0.00425	6094224.781628601	1491.5233459349388	1.786622079117568	2168300.1694420637	3987.358641977523	1.2332939441037791
0.00425	6087148.213679888	1496.2603474550747	1.777911851208099	2155686.7845230405	3984.0849954263085	1.2378398357112823
0.0044	6080071.645731175	1500.982399385085	1.769231784221417	2143130.9799101325	3980.812464612917	1.2423783257660608
0.00455	6072995.077782461	1505.6896423769524	1.7605817660744418	2130632.7039637496	3977.5411577050845	1.2469094689718607
0.00455	6065918.509833748	1510.3822148908735	1.7519615798011143	2118191.4091602936	3974.2710312258187	1.2514336952548983
0.0047	6058841.9418850355	1515.0602532427833	1.743371349395197	2105807.337390912	3971.0021014781028	1.2559507089161877
0.00485	6051765.373936322	1519.723891650557	1.7348110823336775	2093480.4480742614	3967.7344225898582	1.260460871325857
0.005	6044688.805987609	1524.3732622789407	1.7262804955362803	2081209.862228569	3964.4679095940764	1.2649643010066778
0.005	6037612.238038896	1529.0084952832558	1.717779877596619	2068996.1472788507	3961.202651657165	1.2694609047658703
0.00515	6030535.670090182	1533.6297188519118	1.7093090479706796	2056838.8401584306	3957.9386372074173	1.2739508972330944
0.0053	6023459.102141469	1538.2370592477675	1.7008679482176703	2044737.9322116277	3954.675888781688	1.2784344230080247
0.0053	6016382.534192756	1542.8306408483875	1.6924566768490528	2032692.9302133322	3951.4143635237515	1.2829115327532763
0.00545	6009305.966244043	1547.4105861852154	1.6840750251124752	2020704.1691248033	3948.1541175401926	1.2873823326676186
0.0056	6002229.398295329	1551.9770159817122	1.6757232141607314	2008771.3285448137	3944.89517828121	1.2918467424832922
0.00575	5995152.830346616	1556.5300491904825	1.6674010613937142	1996894.1623009816	3941.637563471906	1.2963049860729772
0.00575	5988076.262397903	1561.0698030294327	1.6591085659845082	1985072.4778317718	3938.381233469434	1.3007571582361177
0.0059	5980999.69444919	1565.5963930169798	1.6508457644827381	1973306.3717077053	3935.1262106082227	1.3052034169941709
0.00605	5973923.126500476	1570.1099330063503	1.6426123650067632	1961595.4245464373	3931.8725253897296	1.3096437688249658
0.00605	5966846.558551763	1574.610535218989	1.6344086968720735	1949939.7114126652	3928.6201720853337	1.3140782264459345
0.0062	5959769.99060305	1579.0983102771206	1.6262345054537755	1938338.9369616192	3925.3691692063794	1.3185069870400565
0.00635	5952693.422654336	1583.5733672354702	1.6180898151061396	1926792.756812935	3922.1194717376998	1.322930144643882
0.00635	5945616.854705623	1588.035813612184	1.609974652336402	1915301.5139805556	3918.8711858223182	1.3273475759447708
0.0065	5938540.28675691	1592.485755418973	1.6018889114553758	1903864.6527702915	3915.6242741197757	1.3317596374759926
0.00665	5931463.7188081965	1596.9232971904958	1.5938326302565178	1892482.2382759892	3912.378735395799	1.3361661407964711
0.0068	5924387.1508594835	1601.3485420130094	1.5858057058074626	1881154.040964634	3909.1345402062634	1.3405673709994146
0.0068	5917310.582910771	1605.761591552313	1.5778081756929467	1869879.7064931332	3905.891751965913	1.3449633618161703
0.00695	5910234.014962057	1610.1625460809987	1.5698400192999646	1858659.4813141378	3902.650398897107	1.3493539901481189
0.0071	5903157.447013344	1614.5515045050345	1.5619011454387597	1847492.92834207	3899.41041334581	1.3537396417734218
0.0071	5896080.879064631	1618.9285643897003	1.5539915851562531	1836380.184709428	3896.1718598736416	1.3581201938742402
0.00725	5889004.311115917	1623.2938219848938	1.5461111718625056	1825320.6152248601	3892.9346954211615	1.3624958614219942
0.0074	5881927.743167204	1627.6473722498217	1.538260092145651	1814314.5683276872	3889.6990437109157	1.3668664197868863
0.0074	5874851.175218491	1631.9893088771066	1.5304381641612856	1803361.5520457907	3886.4647507068726	1.3712322238341113
0.00755	5867774.607269778	1636.319724316309	1.5226452425741208	1792461.4152038142	3883.231875357705	1.3755932602452174
0.0077	5860698.039321065	1640.6387097968973	1.5148815520365453	1781614.3007522675	3880.000481611631	1.379949620381592
0.00785	5853621.471372351	1644.946355350671	1.5071469099799537	1770819.661349085	3876.7705163141636	1.3843014343014444
0.00785	5846544.903423638	1649.2427498336567	1.499441324841677	1760077.68331871	3873.542001795362	1.3886485364334364
0.008	5839468.335474925	1653.5279809474976	1.4917647133524556	1749387.9749958129	3870.3149819388223	1.3929910376305725
0.00815	5832391.767526211	1657.8021352603378	1.4841171834487779	1738750.5954219988	3867.089456814315	1.3973291994203743
0.00815	5825315.199577498	1662.065298227227	1.4764984985849183	1728165.1732191506	3863.8653540719442	1.401663004272087
0.0083	5818238.631628785	1666.3175542100573	1.468908640581427	1717631.671454504	3860.642707446305	1.4059925074365964
0.00845	5811162.063680071	1670.5589864970393	1.4613477543869406	1707149.9355353015	3857.421601079907	1.4103177205568702
0.00845	5804085.495731358	1674.7896773217349	1.4538156137797251	1696719.6374914674	3854.201947211829	1.4146388093100253
0.0086	5797008.927782645	1679.009707881663	1.4463123474715853	1686340.9511058554	3850.9838123701584	1.4189556134453283
0.00875	5789932.359833932	1683.2191583564793	1.438837755959727	1676013.4080879083	3847.767187831646	1.4232684272060852
0.00875	5782855.791885219	1687.4181079257507	1.4313918418585412	1665736.9337357997	3844.5520026910276	1.4275772936507793
0.0089	5775779.223936506	1691.6066347863343	1.4239746992772717	1655511.4796053532	3841.338371641021	1.4318821375289892
0.00905	5768702.655987792	1695.784816169367	1.4165860430730937	1645336.7767251104	3838.1262383075486	1.4361830564555407
0.0092	5761626.088039079	1699.95272835688	1.4092260612389982	1635212.7123985877	3834.9156228470224	1.4404801645740013
0.0092	5754549.520090366	1704.1104466980496	1.4018945252971218	1625139.0280316663	3831.7065058717053	1.4447735040113487
0.00935	5747472.952141652	1708.2580456250905	1.394591545606617	1615115.6184330797	3828.4989384790706	1.4490631268167313
0.0095	5740396.384192939	1712.3955986688006	1.3873170541644178	1605142.533850467	3825.292884535295	1.4533489563956283
0.0095	5733319.816244226	1716.5231784737734	1.3800709104205302	1595219.249395041	3822.0883632015334	1.4576312906361788
0.00965	5726243.248295513	1720.640856813278	1.372853125007877	1585345.7841908839	3818.885372457672	1.4619101403127652
0.0098	5719166.6803468	1724.7487046038207	1.3656637257604844	1575522.0603419067	3815.6839225062267	1.4661853006452532
0.0098	5712090.112398086	1728.8467919193954	1.3585025582833639	1565747.728687851	3812.484008425469	1.4704571048198094
0.00995	5705013.544449373	1732.935188005429	1.3513696279989722	1556022.7778683824	3809.2856641130575	1.4747253901082495
0.0101	5697936.97650066	1737.0139612924352	1.3442648662448606	1546346.9759316396	3806.0888283109093	1.478990394936769
0.01025	5690860.408551946	1741.0831794093772	1.3371882296482873	1536720.1848381609	3802.8935548512254	1.4832520754136107
0.01025	5683783.840603233	1745.1429091967486	1.3301396663231575	1527142.1470736505	3799.6998084747543	1.4875106179959636
0.0104	5676707.27265452	1749.1932167193872	1.3231191561351647	1517612.851901675	3796.5076077403455	1.49176589751443
0.01055	5669630.704705806	1753.234167279016	1.3161266786016539	1508132.0508545719	3793.3169971991415	1.4960179359884154
0.01055	5662554.1367570935	1757.2658254265264	1.3091620927886165	1498699.6049712393	3790.1279120484533	1.5002669501760497
0.0107	5655477.5688083805	1761.288254974011	1.3022254009329495	1489315.2189151528	3786.940369923472	1.5045130306775676
0.01085	5648401.000859667	1765.3015190065476	1.2953165923679693	1479979.0330398045	3783.7544102044235	1.508755865438155
0.01085	5641324.432910954	1769.3056798937403	1.288435602444067	1470690.5921038045	3780.570007442039	1.5129958923688196
0.011	5634247.864962241	1773.3007993010312	1.2815822915655006	1461449.7720260683	3777.3871615580615	1.517232966839289
0.01115	5627171.297013527	1777.2869382007802	1.274756745768696	1452256.6384150323	3774.2058406198644	1.5214671902209291
0.01115	5620094.729064814	1781.2641568831193	1.2679587951328757	1443110.7464045933	3771.026087213896	1.5256986220684066
0.0113	5613018.161116101	1785.2325149665955	1.2611884945001446	1434012.1078729758	3767.847910227718	1.5299271940543575
0.01145	5605941.593167388	1789.192071408596	1.254445703051322	1424960.4004793384	3764.671270748002	1.5341531747160992
0.0116	5598865.025218674	1793.1428845155674	1.2477303701325473	1415955.6048636367	3761.4961910791176	1.5383762263787253
0.0116	5591788.457269961	1797.0850119530337	1.2410425328649313	1406997.5607543841	3758.322659323301	1.5425968729790622
0.01175	5584711.889321248	1801.0185107554173	1.234382097657167	1398085.9528133306	3755.1506874480715	1.546814786824446
0.0119	5577635.321372535	1804.9434373356655	1.2277489963284032	1389220.8042924034	3751.98028738066	1.5510301665401747
0.0119	5570558.753423821	1808.8598474946907	1.2211431180501857	1380401.7894950833	3748.81138350603	1.5552431678158636
0.01205	5563482.185475108	1812.7677964306242	1.2145645351704415	1371628.8461309331	3745.644062239354	1.5594535440802908
0.0122	5556405.617526395	1816.6673387478972	1.2080130942552005	1362901.752908266	3742.4782772568215	1.5636615854620015
0.0122	5549329.049577681	1820.5585284661395	1.201488799229702	1354220.3830147618	3739.3140317992775	1.5678672003055074
0.01235	5542252.481628968	1824.4414190289094	1.1949915826222774	1345584.5200541974	3736.151322137669	1.5720703997693097
0.0125	5535175.913680255	1828.3160633122618	1.1885213730551263	1336994.0498488857	3732.990135212326	1.5762714254824244
0.01265	5528099.3457315415	1832.1825136331463	1.182078088469444	1328448.791107885	3729.830476244783	1.5804701145498656
0.01265	5521022.777782829	1836.0408217576482	1.1756617639747913	1319948.6029685065	3726.672348269952	1.5846665937086317
0.0128	5513946.209834116	1839.8910389090781	1.169272276019545	1311493.2566877096	3723.515724186241	1.5888609931743103
0.01295	5506869.641885402	1843.7332157759035	1.16290957871253	1303082.6238309043	3720.360622676921	1.5930530876423932
0.01295	5499793.073936689	1847.5674025195347	1.156573670759623	1294716.6504807556	3717.207048730996	1.5972430219964762
0.0131	5492716.505987976	1851.3936487819672	1.150264385208264	1286394.928925513	3714.0549325203056	1.6014310775804883
0.01325	5485639.938039262	1855.2120036932797	1.1439817754991863	1278117.5249726688	3710.904350471934	1.6056169494808699
0.0134	5478563.370090549	1859.0225158789929	1.1377257550434339	1269884.1464830828	3707.755245161779	1.609800843055582
0.0134	5471486.802141836	1862.825233467296	1.1314962618458404	1261694.7261739126	3704.607616288977	1.6139827666323532
0.01355	5464410.234193123	1866.620204096139	1.1252931485823285	1253548.904249961	3701.461417878114	1.6181629064539422
0.0137	5457333.66624441	1870.4074749201943	1.119116527060669	1245446.7436236893	3698.316736717114	1.6223410336855948
0.0137	5450257.098295696	1874.1870926176941	1.1129662023094928	1237387.945381942	3695.1734962634428	1.6265173564443853
0.01385	5443180.530346983	1877.9591033971403	1.106842223811291	1229372.4463259499	3692.0317171571214	1.6306917828098701
0.014	5436103.96239827	1881.723553003899	1.1007445071991255	1221399.9987675722	3688.891338374465	1.6348644780430874
0.01415	5429027.394449556	1885.4804867266712	1.0946728683617708	1213470.3546134287	3685.7523868465996	1.6390355099371676
0.01415	5421950.826500843	1889.2299494038493	1.0886274553212814	1205583.58668466	3682.614877195671	1.6432046379099672
0.0143	5414874.25855213	1892.9719854297625	1.0826080215923946	1197739.3680435582	3679.478735112729	1.6473722104609618
0.01445	5407797.690603416	1896.7066387608088	1.0766146673457344	1189937.5938691704	3676.344024139284	1.6515380836813323
0.01445	5400721.122654703	1900.433952921477	1.0706472106565357	1182178.0298321692	3673.210677177977	1.6557023836947593
0.0146	5393644.5547059905	1904.153971010269	1.0647056868469233	1174460.6236597484	3670.0786965761763	1.6598650239087718
0.01475	5386567.986757277	1907.8667357055117	1.0587899815893353	1166785.1049111062	3666.9480955601834	1.6640261370476783
0.0149	5379491.418808564	1911.5722892710676	1.0529000052847108	1159151.3588427342	3663.8187725772764	1.668185785060881
0.0149	5372414.850859851	1915.270673561953	1.0470358431699691	1151559.25406593	3660.6908363067514	1.6723437775664027
0.01505	5365338.282911137	1918.9619300298493	1.0411972531210973	1144008.5579752596	3657.5641836504783	1.6765004548652016
0.0152	5358261.714962424	1922.6460997285253	1.0353842886158033	1136499.1571777007	3654.4388511930324	1.6806556184574484
0.01535	5351185.147013711	1926.3232233191645	1.0295968266757294	1129030.8414813366	3651.314775717021	1.6848095364214848
0.01535	5344108.579064998	1929.9933410756012	1.023834898980858	1121603.4846415445	3648.1919638745735	1.6889620203633444
0.0155	5337032.011116284	1933.656492889466	1.0180983321088952	1114216.9853351137	3645.0704352394728	1.6931130394798257
0.01565	5329955.443167571	1937.3127182752442	1.0123871897933971	1106871.0776837468	3641.950117105037	1.6972628284322122
0.01565	5322878.875218858	1940.9620563752505	1.0067012893181362	1099565.6095725012	3638.8310083947144	1.7014113676997387
0.0158	5315802.307270145	1944.6045459645177	1.0010406612559908	1092300.5529412415	3635.7130978798887	1.7055585742506267
0.01595	5308725.739321431	1948.240225455602	0.9954051659701072	1085075.4835456724	3632.5963363126766	1.7097047100010336
0.0161	5301649.171372718	1951.8691329033106	0.9897948059140406	1077890.529491709	3629.480744967324	1.7138495057423675
0.0161	5294572.603424005	1955.4913060093484	0.9842095541379711	1070745.4310272925	3626.3663254171424	1.7179931339019798
0.01625	5287496.035475291	1959.1067821268894	0.9786492347818859	1063639.897257171	3623.252990865087	1.7221356485492028
0.0164	5280419.467526578	1962.7155982650672	0.9731138682593461	1056573.8874346619	3620.140721823858	1.726277136694449
0.01655	5273342.899577865	1966.3177910933998	0.9676033933683582	1049547.2472890757	3617.029572986015	1.7304173512480325
0.01655	5266266.3316291515	1969.9133969461334	0.962117685027003	1042559.791037298	3613.9194427738694	1.7345566617436485
0.0167	5259189.7636804385	1973.5024518265186	0.9566567661259374	1035611.3477719289	3610.810340094899	1.7386948853221351
0.01685	5252113.195731726	1977.0849914110183	0.9512205348092544	1028701.7648207609	3607.702234980361	1.7428320316378074
0.017	5245036.627783012	1980.6610510534442	0.9458089098044966	1021830.904298989	3604.5951034432082	1.7469682270784488
0.017	5237960.059834299	1984.2306657890258	0.9404218372935518	1014998.5199702781	3601.4889002002365	1.7511035954725118
0.01715	5230883.491885586	1987.7938703384177	0.9350592961214962	1008204.5974909714	3598.383662443676	1.7552378444757775
0.0173	5223806.923936872	1991.3506991116392	0.9297211564789142	1001448.829763303	3595.2792662063725	1.759371332272178
0.01745	5216730.355988159	1994.9011862119487	0.9244074312562184	994731.1691063026	3592.1757798999097	1.7635037440986279
0.01745	5209653.788039446	1998.4453654396625	0.919118007589023	988051.4392834889	3589.0731078134454	1.7676354424761174
0.0176	5202577.220090733	2001.9832702959063	0.9138528224546789	981409.411526781	3585.9712421341933	1.771766265655057
0.01775	5195500.65214202	2005.514933986311	0.9086118244498188	974804.9613410654	3582.870149117122	1.7758963715930303
0.0179	5188424.084193306	2009.040389424649	0.9033949485291769	968237.9563801673	3579.7698196228134	1.7800255338270148
0.0179	5181347.516244593	2012.5596692364109	0.8982021770379179	961708.2652142437	3576.670212800194	1.7841539694787736
0.01805	5174270.94829588	2016.072805762331	0.8930333566193593	955215.6478743923	3573.5712630883468	1.7882817423530128
0.0182	5167194.380347166	2019.5798310618536	0.8878884810823173	948759.9656180653	3570.47298205642	1.7924088404441307
0.01835	5160117.812398453	2023.080776916545	0.8827674859712115	942341.1369698758	3567.37531136621	1.7965350771847957
0.01835	5153041.24444974	2026.5756748334559	0.8776702859841028	935958.9309397464	3564.2782038843857	1.800660700296366
0.0185	5145964.676501026	2030.064556048429	0.8725968409930162	929613.1759520072	3561.181670481716	1.8047856866371499
0.01865	5138888.108552313	2033.547451529354	0.8675470707145981	923303.7802375661	3558.0856360487537	1.8089100878163984
0.0188	5131811.5406036	2037.0243919793786	0.862520883072885	917030.5267327521	3554.9900497483018	1.8130338508067012
0.0188	5124734.972654887	2040.4954078400629	0.857518309014241	910793.3025264727	3551.894909927262	1.81715696991432
0.01895	5117658.404706174	2043.9605292944898	0.8525391696378974	904591.9355011112	3548.8001628916604	1.8212795411831457
0.0191	5110581.836757461	2047.4197862703281	0.847583478224299	898426.2601399882	3545.705763089073	1.8254016148001955
0.01925	5103505.268808747	2050.873208442849	0.8426511290153511	892296.1505640283	3542.611691735639	1.829523120881964
0.01925	5096428.700860034	2054.3208252378913	0.8377420811692953	886201.454819595	3539.517870374515	1.8336441332462468
0.0194	5089352.132911321	2057.7626658347936	0.8328562151308346	880141.9148218568	3536.4242706475466	1.8377647970160778
0.01955	5082275.564962607	2061.1987591692714	0.8279935815824089	874117.4799611081	3533.3308746921193	1.8418848786994622
0.0197	5075198.997013894	2064.6291339362547	0.8231539971751745	868127.9948518537	3530.2376267035074	1.8460044741359964
0.01985	5068122.429065181	2068.0538185926875	0.8183374468760507	862173.24885282	3527.1444456251115	1.85012370894266
0.01985	5061045.861116468	2071.4728413602775	0.8135438988529718	856253.1910955608	3524.0513306952225	1.8542424884414979
0.02	5053969.293167755	2074.8862302282137	0.8087731855587379	850367.4900496078	3520.958185661506	1.8583610866847782
0.02015	5046892.725219041	2078.2940129558365	0.8040253545841038	844516.1520966936	3517.8650126026346	1.8624791301960057
0.0203	5039816.157270328	2081.6962170752727	0.7993002564886592	838698.9103140573	3514.7717022053835	1.8665970162815295
0.0203	5032739.589321615	2085.092869894031	0.7945979021543491	832915.7314438823	3511.678281893399	1.8707143870982799
0.02045	5025663.021372901	2088.4839984975597	0.7899181837847534	827166.4192585526	3508.584663415412	1.8748315190417921
0.0206	5018586.453424188	2091.8696297517636	0.7852610334130958	821450.7568896365	3505.490788227803	1.8789484241737893
0.02075	5011509.885475475	2095.249790305492	0.7806263640358444	815768.6412942461	3502.3965762964676	1.8830650248713388
0.0209	5004433.317526761	2098.6245065929816	0.7760141251013425	810119.9194132242	3499.3020208050007	1.8871814103357414
0.0209	4997356.7495780485	2101.9938048362706	0.7714242347136842	804504.364229898	3496.2070020312894	1.8912976556787935
0.02105	4990280.1816293355	2105.357711047576	0.7668567163386867	798921.9759025429	3493.111581551698	1.8954135322667114
0.0212	4983203.613680622	2108.7162510316352	0.7623114259028326	793372.5283823736	3490.01558956194	1.8995292071853833
0.02135	4976127.045731909	2112.0694503880172	0.7577882745361814	787855.8261327018	3486.919008187885	1.9036448916431388
0.0215	4969050.477783196	2115.4173345133972	0.7532872549383834	782371.7554028035	3483.821782223668	1.9077603488357835
0.0215	4961973.909834482	2118.7599286038035	0.7488082569453332	776920.182470726	3480.72382983351	1.9118756867964044
0.02165	4954897.34188577	2122.097257656825	0.7443512397134211	771500.9246953543	3477.6251117992474	1.915990911571515
0.0218	4947820.773937056	2125.4293464738003	0.7399161239807776	766113.8390983895	3474.525558321878	1.9201060834856936
0.02195	4940744.205988342	2128.7562196619588	0.7355028404658291	760758.7887740114	3471.4250855259443	1.9242211860104002
0.0221	4933667.63803963	2132.0779016365464	0.7311113180836182	755435.6312549745	3468.32365184914	1.92833623898137
0.02225	4926591.070090916	2135.3944166229167	0.7267415166571359	750144.1907704326	3465.221179594188	1.9324512261036748
0.02225	4919514.502142203	2138.7057886585876	0.7223933441668225	744884.3447534416	3462.1176460786087	1.9365662072929555
0.0224	4912437.93419349	2142.0120415952797	0.7180667270891035	739655.9200531814	3459.012906612186	1.9406812702396241
0.02255	4905361.366244776	2145.313199100916	0.7137616274675374	734458.7920143937	3455.906925675507	1.9447962816580384
0.0227	4898284.798296063	2148.6092846615998	0.7094779488468268	729292.7788827678	3452.7996445896506	1.9489113677526817
0.02285	4891208.23034735	2151.9003215835664	0.7052156064048944	724157.7490277569	3449.690992062777	1.9530266254958046
0.02285	4884131.662398636	2155.1863329951043	0.7009746050366419	719053.5907501462	3446.5808893640205	1.9571417978666579
0.023	4877055.094449923	2158.4673418484495	0.6967547934029794	713980.0917293353	3443.4692457486067	1.9612572226782297
0.02315	4869978.52650121	2161.743370921659	0.6925561801390977	708937.1695331896	3440.3560212938773	1.9653726326142067
0.0233	4862901.9585524965	2165.014442820455	0.6883786253425405	703924.6330371705	3437.241126334255	1.969488341116576
0.02345	4855825.390603784	2168.2805799800426	0.6842221273985177	698942.3629808001	3434.1244924496314	1.9736041332372407
0.0236	4848748.822655071	2171.5418046669092	0.6800865410942196	693990.1808442626	3431.0060105604603	1.9777202197327342
0.0236	4841672.254706357	2174.7981389805914	0.6759718707398864	689067.9884447146	3427.885651230864	1.9818363408012103
0.02375	4834595.686757644	2178.0496048554246	0.6718779933228723	684175.5937160453	3424.763306823974	1.985952876467839
0.0239	4827519.118808931	2181.296224062265	0.6678048763621666	679312.8870669021	3421.638922611666	1.990069544744384
0.02405	4820442.550860217	2184.5380182101944	0.6637524503153895	674479.7061061409	3418.5123813239206	1.9941865118776603
0.0242	4813365.982911505	2187.7750087481913	0.6597206222082277	669675.9090872701	3415.3836476669258	1.998303792623446
0.02435	4806289.414962791	2191.007216966794	0.6557093431405577	664901.364911139	3412.2526197802677	2.00242134751535
0.0245	4799212.847014077	2194.234663999729	0.6517185298723591	660155.9178706057	3409.119230647149	2.0065392019089527
0.0245	4792136.279065365	2197.457370825525	0.6477481198539836	655439.4088358416	3405.9833761686823	2.0106574738063485
0.02465	4785059.711116651	2200.6753582691053	0.6437980312546275	650751.7244917682	3402.844983077045	2.0147762317306657
0.0248	4777983.143167938	2203.888647003356	0.6398682233648294	646092.7311900404	3399.703988908108	2.018895206067107
0.02495	4770906.575219225	2207.0972575506744	0.6359586148703401	641462.2735867773	3396.5603350338038	2.0230146504036686
0.0251	4763830.007270511	2210.3012102845023	0.632069129600066	636860.1948576677	3393.413869267457	2.0271345728385324
0.02525	4756753.439321798	2213.5005254308303	0.6281996777263251	632286.3270600247	3390.264548572482	2.0312549793961594
0.0254	4749676.871373085	2216.695223069691	0.6243502301797353	627740.6288004875	3387.112319082629	2.035375799607192
0.0254	4742600.303424371	2219.885323136629	0.6205206989034925	623222.8729460726	3383.9570594257866	2.0394971986680845
0.02555	4735523.735475658	2223.070845424149	0.616710992924774	618732.9408172771	3380.798712790496	2.043619185379173
0.0257	4728447.1675269455	2226.2518095831538	0.6129210735386825	614270.7070757305	3377.637191864273	2.047741576229628
0.02585	4721370.599578232	2229.4282351243546	0.6091508553459942	609836.0429513413	3374.4724161017048	2.051864544294846
0.026	4714294.031629519	2232.6001414196676	0.6054002672326508	605428.7643603319	3371.3043012948506	2.0559882623783796
0.02615	4707217.463680806	2235.767547703595	0.6016692538293078	601048.8071663806	3368.132773806681	2.0601125235900595
0.0263	4700140.895732092	2238.9304730745826	0.5979577244206071	596695.9475245741	3364.957758478123	2.0642374767247187
0.02645	4693064.327783379	2242.088936496365	0.594265625704123	592370.1284502527	3361.7791803009227	2.0683629565892896
0.02645	4685987.759834666	2245.2429567992917	0.5905928614406604	588071.1531550508	3358.5969512234096	2.0724893055218105
0.0266	4678911.191885952	2248.3925526816383	0.5869393779580797	583798.9127418585	3355.411004296553	2.0766164042081434
0.02675	4671834.62393724	2251.537742710896	0.5833051122574087	579553.2842881726	3352.22125991751	2.0807441093837986
0.0269	4664758.055988526	2254.678545325055	0.5796899991803608	575334.1222488391	3349.027670825676	2.084872572530908
0.02705	4657681.488039813	2257.8149788338574	0.5760939414968991	571141.2914711456	3345.830132462043	2.0890018692682273
0.0272	4650604.9200911	2260.9470614200495	0.5725168706858895	566974.6585229245	3342.6285770262202	2.0931319483963207
0.02735	4643528.352142386	2264.074811140609	0.5689587148604606	562834.0607208865	3339.4229242227843	2.0972630193359594
0.0275	4636451.784193673	2267.1982459279584	0.5654194518624186	558719.4586381331	3336.213159972035	2.1013946872280056
0.02765	4629375.21624496	2270.317383591166	0.5618989209615232	554630.5993649089	3332.9991291864562	2.1055274706178864
0.0278	4622298.648296246	2273.432241817131	0.5583971320328055	550567.4330831529	3329.7808462716184	2.1096610642596554
0.0278	4615222.080347533	2276.542838171751	0.5549139844990365	546529.8140559889	3326.558211028909	2.1137955131683865
0.02795	4608145.51239882	2279.6491901010813	0.5514493911156398	542517.6117357453	3323.331167834929	2.1179309221723885
0.0281	4601068.9444501065	2282.7513149324755	0.5480033060234394	538530.6711111607	3320.0996362430683	2.1220673522454545
0.02825	4593992.3765013935	2285.8492298757087	0.5445756144855602	534568.8573110102	3316.8635625590714	2.126204906212538
0.0284	4586915.808552681	2288.9429520240988	0.5411663167907459	530632.1348300172	3313.6229371689396	2.130343164201007
0.02855	4579839.240603967	2292.0324983556025	0.5377752703072682	526720.242578549	3310.377633911464	2.134482668482864
0.0287	4572762.672655254	2295.1178857339005	0.534402446208559	522833.1533025841	3307.1276224975772	2.138623180598647
0.02885	4565686.104706541	2298.1991309094774	0.5310477583989652	518970.69662766776	3303.872880157331	2.1427647763341384
0.029	4558609.536757827	2301.2762505206765	0.5277111267927095	515132.74913082266	3300.6133101450614	2.146907531362638
0.02915	4551532.968809115	2304.349261094752	0.5243924945949335	511319.2006212913	3297.3488972827054	2.151051314398152
0.0293	4544456.400860401	2307.4181790489033	0.5210918056772231	507529.9328670745	3294.0795998010403	2.155196207208979
0.02945	4537379.832911687	2310.483020691298	0.5178089249833007	503764.77298291115	3290.805306853033	2.1593424317672705
0.0296	4530303.264962975	2313.543802222082	0.5145438581549868	500023.64565419604	3287.526062463262	2.163489652419684
0.02975	4523226.697014261	2316.6005397343833	0.5112964813563203	496306.4069701843	3284.241776859737	2.1676381696781317
0.0299	4516150.129065548	2319.653249215292	0.5080667468453488	492612.95489015547	3280.9524316788675	2.1717878209643717
0.0299	4509073.561116835	2322.7019465468416	0.5048545811531766	488943.146999264	3277.6579791625354	2.175938743703825
0.03005	4501996.993168121	2325.746647506971	0.5016599082592077	485296.8542188459	3274.3583707056414	2.1800909589303776
0.0302	4494920.425219408	2328.7873677704756	0.4984826489810127	481673.98018722184	3271.0535938003923	2.1842443416915347
0.03035	4487843.857270695	2331.824122909952	0.49532275100841083	478074.38470034295	3267.7436075658534	2.188399083839527
0.0305	4480767.289321981	2334.8569283967263	0.49218010864516976	474497.9648953389	3264.428397427205	2.192555136017297
0.03065	4473690.721373268	2337.8857996017728	0.4890546846866199	470944.5777828066	3261.1079184173072	2.1967125592930246
0.0308	4466614.153424555	2340.9107517966263	0.48594639647813853	467414.1146701745	3257.782156298236	2.2008712587223735
0.03095	4459537.585475842	2343.931800154278	0.4828551670412041	463906.4745222739	3254.4510952974547	2.2050312842642668
0.0311	4452461.017527129	2346.9489597500624	0.47978094188242026	460421.5272342436	3251.1147013691707	2.2091926490417726
0.03125	4445384.449578416	2349.962245562538	0.4767236388916054	456959.1477105922	3247.772967093255	2.2133554356688
0.0314	4438307.881629702	2352.971672474353	0.47368318704862794	453519.23164396116	3244.4258671601647	2.2175196079369774
0.03155	4431231.313680989	2355.9772552731024	0.4706595123268351	450101.65555747267	3241.0733974216755	2.2216851478093025
0.0317	4424154.745732276	2358.9790086521766	0.46765254966260406	446706.3115447533	3237.7155480216356	2.2258521012007737
0.03185	4417078.177783562	2361.976947211601	0.46466222098381593	443333.07449625374	3234.352287800574	2.230020491352047
0.032	4410001.60983485	2364.9710854588598	0.4616884593314046	439981.82816442265	3230.9836140576936	2.234190281163116
0.03215	4402925.041886136	2367.961437809722	0.45873118613614544	436652.45580105553	3227.6095228144336	2.2383616207024373
0.0323	4395848.473937422	2370.948018589044	0.45579036046361815	433344.8810546044	3224.2300305922936	2.242534245372856
0.03245	4388771.90598871	2373.930842031574	0.4528658882437874	430058.94269288203	3220.8451206874593	2.246708472740242
0.0326	4381695.338039996	2376.9099222827454	0.44995769489399523	426794.5452807994	3217.4547689095753	2.2508841126457586
0.03275	4374618.770091283	2379.8852733994536	0.4470657183076303	423551.576650112	3214.0590091952035	2.255061246372607
0.0329	4367542.20214257	2382.856909350836	0.44418988638002616	420329.93613688165	3210.657828553006	2.2592398578045043
0.03305	4360465.634193856	2385.824844019033	0.4413301355711692	417129.49647482345	3207.251230878928	2.263419970593856
0.0332	4353389.066245143	2388.7890911999475	0.43848638592980943	413950.1524277368	3203.8392182188604	2.267601572504809
0.03335	4346312.49829643	2391.7496646039895	0.43565858082978454	410791.7961579884	3200.421810432633	2.2717846616295314
0.0335	4339235.930347716	2394.706577856821	0.43284663881072405	407654.31259043637	3196.999001461393	2.2759693047767007
0.03365	4332159.3623990035	2397.6598445000805	0.4300505032927388	404537.60503811075	3193.5708255505715	2.2801553615117394
0.0338	4325082.7944502905	2400.6094779921154	0.4272700890582171	401441.55095979606	3190.137255647279	2.2843429864596256
0.03395	4318006.226501577	2403.5554917086906	0.42450533230048776	398366.03402760054	3186.698340250958	2.2885321828362977
0.0341	4310929.658552864	2406.4978989436977	0.42175616225205276	395310.96600114426	3183.2540713585922	2.2927229062166075
0.03425	4303853.090604151	2409.436712909857	0.419022516194028	392276.2262099801	3179.804478424737	2.296915101535861
0.03455	4296776.522655437	2412.3719467394085	0.4163043249533055	389261.7145510339	3176.3495684403774	2.301108874978907
0.0347	4289699.954706725	2415.303613484795	0.4136015216856612	386267.3213111071	3172.8893817378744	2.305304133688697
0.03485	4282623.386758011	2418.231726119343	0.4109140307559265	383292.9411997928	3169.4239281621803	2.3095008565752604
0.035	4275546.818809297	2421.156297537927	0.4082417788647646	380338.4504360109	3165.953199676035	2.31369926197231
0.03515	4268470.250860585	2424.0773405576374	0.4055847150961667	377403.7698626838	3162.4772601057048	2.3178990790893033
0.0353	4261393.682911871	2426.9948679184336	0.40294275503217586	374488.78433971107	3158.996109596439	2.3221004653860335
0.03545	4254317.114963158	2429.9088922837914	0.4003158383720475	371593.3827179145	3155.5097832281394	2.3263033940856066
0.0356	4247240.547014445	2432.819426241345	0.39770390139860434	368717.46843582095	3152.0182975243965	2.330507791410992
0.03575	4240163.979065731	2435.7264823035234	0.39510686977880466	365860.92983953876	3148.521671630641	2.3347137198985326
0.0359	4233087.411117018	2438.630072908173	0.3925246649009666	363023.6629211485	3145.01995137266	2.3389212097255245
0.03605	4226010.843168305	2441.5302104191846	0.38995724261149695	360205.56449891155	3141.5131693358157	2.343130210408379
0.0362	4218934.275219591	2444.4269071271033	0.3874045320256276	357406.54293362814	3138.0013411935565	2.347340652382469
0.03635	4211857.707270878	2447.3201752497366	0.3848664382351048	354626.4797118702	3134.484500558593	2.3515526450353312
0.0365	4204781.139322165	2450.210026932758	0.38234292713971807	351865.2864527587	3130.9626658046473	2.355766108630141
0.0368	4197704.5713734515	2453.0964742503006	0.3798339146501331	349122.83685922093	3127.43588602599	2.3599811171303684
0.03695	4190628.0034247385	2455.979529205543	0.3773393312688335	346399.0514342659	3123.9041889501113	2.3641976485702534
0.0371	4183551.4354760256	2458.859203731297	0.374859121319764	343693.82438374305	3120.367605304989	2.368415658089218
0.03725	4176474.867527312	2461.7355096905785	0.3723932220825652	341007.0515581966	3116.8261844948406	2.37263507607339
0.0374	4169398.2995785987	2464.6084588771823	0.3699415571779733	338338.6345802715	3113.2799442057917	2.3768559335623696
0.03755	4162321.7316298857	2467.4780630162422	0.3675040528949647	335688.46484642226	3109.72891248937	2.381078375899572
0.0377	4155245.1636811723	2470.344333764792	0.36508065558206004	333056.45635401807	3106.173153377373	2.3853021761295654
0.03785	4148168.5957324593	2473.207282712316	0.3626712922372078	330442.49459389015	3102.6126765579984	2.389527464969964
0.03815	4141092.027783746	2476.0669213812994	0.360275910908034	327846.4965266426	3099.0475538563082	2.3937541521267827
0.0383	4134015.4598350325	2478.9232612277638	0.35789442313429654	325268.33643893764	3095.4777667143217	2.3979823816036605
0.03845	4126938.8918863195	2481.7763136418075	0.3555267812278917	322707.9392918001	3091.903407739928	2.4022119185351793
0.0386	4119862.323937606	2484.6260899481326	0.35317291284309793	320165.19981416775	3088.3244942788433	2.4064429476238054
0.03875	4112785.755988893	2487.4726014065704	0.35083275797777436	317640.01800824824	3084.7410666162314	2.4106753185559873
0.0389	4105709.1880401797	2490.3158592126015	0.348506238186214	315132.29088902025	3081.1531540365263	2.4149091834708476
0.03905	4098632.6200914662	2493.1558744978674	0.3461933075731287	312641.93685745297	3077.560819312829	2.419144273028326
0.03935	4091556.0521427533	2495.992658330679	0.3438938875907423	310168.83904867264	3073.9640904286043	2.4233808643280175
0.0395	4084479.48419404	2498.826221716524	0.34160791381539335	307712.9119995958	3070.363005459315	2.4276187349518854
0.03965	4077402.916245327	2501.656575598558	0.33933533304213087	305274.0633300863	3066.7576067112714	2.431857943923376
0.0398	4070326.3482966134	2504.4837308581045	0.3370760665810581	302852.18711312785	3063.147945242566	2.436098523350083
0.03995	4063249.7803479	2507.3076983151386	0.33483006135211046	300447.18596948416	3059.5340654948855	2.440340413982302
0.0401	4056173.212399187	2510.128488728771	0.33259724060723517	298058.9660993265	3055.9159738469493	2.444583690380248
0.0404	4049096.6444504736	2512.946112797728	0.33037755833629806	295687.4457607129	3052.2937694241873	2.4488281344584713
0.04055	4042020.0765017606	2515.760581160822	0.32817093922854146	293332.511980304	3048.6674624546745	2.453073911473079
0.0407	4034943.508553047	2518.571904397423	0.32597731524595147	290994.0692972588	3045.037087079471	2.457321022382811
0.04085	4027866.9406043338	2521.3800930279217	0.3237966337233929	288672.0393604131	3041.402712540378	2.461569354002442
0.041	4020790.372655621	2524.185157514186	0.3216288205066593	286366.3121873523	3037.764362692541	2.4658189398164634
0.0413	4013713.8047069074	2526.987108260021	0.3194738253041247	284076.8085468587	3034.1220961017684	2.4700697047524285
0.04145	4006637.2367581944	2529.7859556116146	0.3173315704361693	281803.41504450946	3030.4759318372458	2.474321770153816
0.0416	3999560.668809481	2532.581709857985	0.3152020108328215	279546.0633389891	3026.825951982797	2.4785749568690956
0.04175	3992484.100860768	2535.3743812314233	0.31308506479573694	277304.6410082228	3023.1721689257406	2.482829365370601
0.04205	3985407.5329120546	2538.163979907927	0.31098067963249815	275079.05761807814	3019.5146399312375	2.4870849490710745
0.0422	3978330.964963341	2540.950516007637	0.30888879247306567	272869.23103428027	3015.8534072726648	2.4913416719973656
0.04235	3971254.397014628	2543.7339995952607	0.30680934225858614	270675.06668293325	3012.188519536303	2.495599525154096
0.0425	3964177.8290659147	2546.5144406805016	0.304742265714593	268496.46487259475	3008.5200191484437	2.499858481939409
0.0428	3957101.2611172018	2549.2918492184754	0.3026874969744071	266333.33744983183	3004.8479400504884	2.504118604108856
0.04295	3950024.6931684883	2552.0662351101278	0.3006449756895448	264185.5947449632	3001.172340417079	2.5083798065823597
0.0431	3942948.125219775	2554.8376082026443	0.2986146381272495	262053.14302220306	2997.493253304354	2.512642117113259
0.04325	3935871.557271062	2557.6059782898606	0.2965964298599526	259935.89670150433	2993.8107310652917	2.516905470388548
0.04355	3928794.9893223485	2560.3713551126643	0.29459029139829973	257833.76489897622	2990.1248298270148	2.5211698610353497
0.0437	3921718.4213736355	2563.1337483593957	0.2925961479773203	255746.65218891104	2986.4355670507	2.5254352729844847
0.04385	3914641.853424922	2565.893167666244	0.29061394986681643	253674.47658136487	2982.743013700003	2.52970173592452
0.044	3907565.2854762087	2568.649622617639	0.2886436284588056	251617.14058316857	2979.0471844053586	2.533969151643655
0.0443	3900488.7175274957	2571.403122746639	0.2866851391953991	249574.5677479147	2975.3481623337016	2.5382375458909885
0.04445	3893412.1495787823	2574.153677535316	0.28473839755081903	247546.65187131247	2971.645963065197	2.5425069314952458
0.0446	3886335.5816300693	2576.901296415138	0.28280335858017064	245533.32097747197	2967.940632965015	2.5467772400644324
0.0449	3879259.013681356	2579.6459887673436	0.28087995575483277	243534.47119984892	2964.232213447608	2.551048558295825
0.04505	3872182.4457326424	2582.387763923318	0.27896813719330554	241550.03157907462	2960.5207641841885	2.5553207134040683
0.0452	3865105.8777839295	2585.1266311649606	0.2770678376599151	239579.9071896115	2956.8063229718846	2.559593778698823
0.04535	3858029.309835216	2587.862599725056	0.2751789933432758	237624.00717554986	2953.088922800861	2.5638677252413538
0.04565	3850952.741886503	2590.595678787632	0.2733015503451208	235682.24839162585	2949.368617892605	2.568142529814515
0.0458	3843876.1739377896	2593.3258774883225	0.2714354444759423	233754.54443883026	2945.6454387286744	2.572418242053675
0.04595	3836799.605989076	2596.053204914723	0.26958062182243986	231840.80705196963	2941.919448709211	2.576694741481226
0.04625	3829723.038040363	2598.777670106743	0.2677370223858521	229940.9515989106	2938.1906651011177	2.58097210446249
0.0464	3822646.47009165	2601.499282056956	0.26590457887145524	228054.89227612768	2934.4591427687583	2.585250202554031
0.0467	3815569.902142937	2604.218049710946	0.2640832467064475	226182.5465951677	2930.724931287026	2.5895290969250446
0.04685	3808493.3341942234	2606.9339819676507	0.262272957566271	224323.82711453698	2926.9880545286783	2.5938088092348
0.047	3801416.76624551	2609.6470876797	0.26047365278734913	222478.64828746518	2923.2485702964614	2.598089180358998
0.0473	3794340.198296797	2612.357375653753	0.2586852783205498	220646.9240897708	2919.5065010259523	2.6023703881660407
0.04745	3787263.6303480836	2615.0648546508346	0.25690777207934967	218828.5751890644	2915.7619018985	2.6066522541742145
0.0476	3780187.0623993706	2617.769533386661	0.2551410794000097	217023.51660932877	2912.014807237541	2.6109347877309266
0.0479	3773110.494450657	2620.4714205319706	0.2533851414102203	215231.6656435132	2908.2652625511423	2.6152180688271196
0.04805	3766033.9265019437	2623.1705247128466	0.2516398984322315	213452.9310418453	2904.5132903924955	2.619502015694065
0.04835	3758957.3585532308	2625.8668545110386	0.24990529316144125	211687.2368413854	2900.758942849404	2.623786673042587
0.0485	3751880.7906045173	2628.5604184642825	0.2481812716629	209934.50308358576	2897.002253799719	2.6280719255097233
0.04865	3744804.2226558044	2631.2512250666123	0.24646777244608842	208194.64148271282	2893.2432631946303	2.632357827927203
0.04895	3737727.654707091	2633.9392827686775	0.24476474362965628	206467.57631218937	2889.4820075156804	2.636644339670766
0.0491	3730651.0867583775	2636.624599978048	0.2430721240285049	204753.22340473326	2885.718528026902	2.6409314228791505
0.0494	3723574.5188096645	2639.307185059524	0.2413898556493574	203051.49623513417	2881.9528481801117	2.6452191477959994
0.04955	3716497.950860951	2641.9870463354387	0.23971788825141027	201362.31972653233	2878.1850104198575	2.649507430238047
0.0497	3709421.382912238	2644.6641920859597	0.23805616024171222	199685.6129172403	2874.4150563993944	2.653796262049139
0.05	3702344.8149635247	2647.3386305493877	0.2364046166600889	198021.2925835616	2870.6430067664282	2.658085649212171
0.05	3695268.2470148113	2650.010369922453	0.2347632017450851	196369.27714563694	2866.868901182895	2.6623756671336607
0.05	3688191.6790660983	2652.6794183606057	0.2331318613580461	194729.49636540058	2863.0927739513436	2.666666093641451
0.05	3681115.111117385	2655.3457839783105	0.23151053560437138	193101.86090198247	2859.314660623394	2.670957130456338
0.05	3674038.543168672	2658.0094748493307	0.22989917336015145	191486.29334789177	2855.534580371973	2.6752486491871528
0.05	3666961.9752199585	2660.6704990070157	0.22829771730691747	189882.72023786567	2851.7525760204185	2.679540649095966
0.05	3659885.4072712455	2663.328864444582	0.22670611162283852	188291.0568180672	2847.9686716131096	2.683833145024406
0.05	3652808.839322532	2665.9845791153957	0.22512429979123594	186711.22648603542	2844.182893398795	2.6881262013161837
0.05	3645732.2713738186	2668.637650933247	0.22355223303998356	185143.1534435891	2840.395280314137	2.6924196507440135
0.05	3638655.7034251057	2671.2880877726284	0.22198985199036425	183586.76139625633	2836.6058496377955	2.6967135780096876
0.05	3631579.135476392	2673.935897469005	0.22043710163533883	182041.96689254546	2832.814630277315	2.70100798468038
0.05	3624502.5675276793	2676.5810878190855	0.21889393038247743	180508.69662051622	2829.021648694128	2.7053028817458267
0.05	3617425.999578966	2679.223666581091	0.21736028085932527	178986.8737916326	2825.2269307282872	2.709598254364353
0.05	3610349.4316302524	2681.86364147502	0.21583610263651276	177476.42073957442	2821.430503080177	2.713894001629631
0.05	3603272.8636815394	2684.501020182909	0.21432134228914423	175977.26843919145	2817.6323872359353	2.718190208977458
