x positions (m)	Enthalpy values (J/kg)	Velocity values (m/s)	Density values (kg/m^3)	Pressure (Pa)	Temperature (K)	Mach number values
-0.0001	6363379.877261599	1298.588349017101	2.1404970086989703	2692316.541086801	4112.558419770651	1.0536938785817915
-0.00025	6370586.422988961	1293.0269172558762	2.150587587830349	2707577.380711535	4115.923378424075	1.0486647063220762
-0.00025	6485891.154626771	1200.545353359304	2.3165473108964205	2960963.020960885	4169.784992841129	0.966105004768176
-0.0004	6377792.968716325	1287.4414616958347	2.1607110895465222	2722904.9837106415	4119.288671975637	1.0436212639668303
-0.0004	6478684.608899408	1206.5331478775631	2.3059230639640003	2944609.534715195	4166.418724871576	0.9713916018696407
-0.00055	6471478.063172045	1212.4913724979933	2.295332681095994	2928325.9259744	4163.052264207948	0.9766599609933144
-0.0007	6464271.517444681	1218.42046102189	2.284776284025023	2912112.3686367203	4159.68573919489	0.9819102146390168
-0.00085	6406619.151625777	1264.853015758987	2.2015340384353013	2784885.7437455896	4132.752440265507	1.0233025943892782
-0.00085	6457064.9717173185	1224.3208367464472	2.2742536884434936	2895968.146685193	4156.3190619725265	0.9871429722853456
-0.001	6413825.69735314	1259.1425892327989	2.2118226611901135	2800549.76033034	4136.118870503841	1.018185035820714
-0.00115	6421032.243080503	1253.4061466919457	2.2221442321240277	2816281.5621557026	4139.485468156721	1.013052036319555
-0.00115	6442651.880262593	1236.0370925667935	2.253309185163391	2863886.866305736	4149.58550719931	0.9975566623398211
-0.0013	6428238.788807866	1247.6433292854274	2.2324993171291423	2832081.758654633	4142.852093164422	1.007903158328758
-0.0013	6435445.334535229	1241.8537698359255	2.2428876520578185	2847950.3455671906	4146.21884443247	1.002738009916207
-0.0016	6449858.425989956	1230.1929128174354	2.2637647314728326	2879893.2826536354	4152.952351900855	0.9923582985013728
-0.00175	6399412.605898414	1270.5377770571524	2.1912787953081243	2769289.5933612026	4129.3861771651245	1.0284044984041045
-0.0019	6392206.060171051	1276.1972161010444	2.1810565235583925	2753760.78927695	4126.020140978085	1.033491536194111
-0.00205	6384999.514443688	1281.8316682929867	2.170867403892502	2738299.505171238	4122.654302985357	1.0385636342406612
-0.00235	6493097.700354134	1194.5275442692355	2.3272057998115403	2977386.599281541	4173.151060823385	0.960799626566678
-0.0025	6356173.331534236	1304.1260643272515	2.1304391020063798	2677122.2194174817	4109.193767161599	1.058709125596606
-0.0025	6500304.2460814975	1188.4792646753087	2.3378982157383676	2993880.74419732	4176.516859765029	0.9554752280999033
-0.00265	6348966.785806872	1309.6403640360256	2.120413988703924	2661994.260997155	4105.829493656131	1.0637108271509952
-0.00265	6507510.79180886	1182.400046984284	2.34862489972469	3010445.740355083	4179.882443026168	0.9501315555780941
-0.0028	6341760.240079509	1315.1315426858027	2.1104214386827462	2646932.049564568	4102.465650113567	1.0686992367407566
-0.0028	6514717.337536223	1176.2894115198485	2.359385916910203	3027081.547489935	4183.247631368297	0.944768131814005
-0.00295	6327347.148624783	1326.0456845360159	2.090533985685673	2617005.5302022574	4095.739397867611	1.0786364213618076
-0.00295	6529130.428990949	1163.9719054789336	2.3810115497453834	3060567.0442680987	4189.977014687899	0.9339804942291275
-0.0031	6536336.974718313	1157.7640110530006	2.391876215360738	3077417.0555977016	4193.341077316819	0.9285556004270937
-0.00325	6305727.511442694	1342.2505100914545	2.0609458728012657	2572605.78317324	4085.653608706581	1.0934473641353792
-0.00325	6543543.520445676	1151.5226501614316	2.4027756765016686	3094339.4863361297	4196.704747327782	0.9231093814054288
-0.0034	6298520.965715331	1347.608816866191	2.0511476753315234	2557935.8909272784	4082.2927519817927	1.098359786328636
-0.0034	6550750.066173038	1145.2472756483994	2.4137100562375355	3111333.8247892433	4200.067915786981	0.9176413190550563
-0.00355	6291314.419987968	1352.9459023738611	2.041381786536809	2543330.7755727316	4078.9326113916513	1.1032602228167339
-0.00355	6557956.611900402	1138.9373252841235	2.424679074691316	3128400.8285961114	4203.43046265973	0.9121514122800478
-0.0037	6565163.157627765	1132.5922211769898	2.43568352114827	3145540.1604877952	4206.792542772858	0.9066386931679643
-0.00385	6269694.782805879	1368.832308617239	2.0122770588101453	2499901.8341096276	4068.8559595781135	1.1178919265279297
-0.00385	6572369.703355128	1126.2113691558534	2.4467228766379128	3162752.8147036945	4210.15397229596	0.9011029957983737
-0.004	6262488.237078516	1374.0869625206135	2.0026396147794894	2485553.7208875627	4065.498391377517	1.122746498045083
-0.0043	6240868.599896426	1389.731720488996	1.9739187449181061	2442890.843740898	4055.4302610212003	1.137244768815584
-0.00445	6233662.054169063	1394.9076479781845	1.9644089802097848	2428796.55195159	4052.0757677923393	1.1420563522188159
-0.00475	6212042.416986974	1410.3214600764643	1.9360701381565515	2386891.8562461054	4042.0174710665533	1.1564293693307957
-0.0049	6204835.871259611	1415.4220968343457	1.92668735099256	2373048.8295132807	4038.6664547901983	1.1612004626424184
-0.0052	6183216.234077522	1430.6148980669516	1.898728428191684	2331893.351952781	4028.618897005443	1.1754558567649316
-0.00535	6176009.688350159	1435.6434369389358	1.889471896730258	2318298.6873094803	4025.271622305745	1.1801888858421519
-0.00565	6154390.051168069	1450.624469802581	1.861891393895731	2277884.5325619	4015.2359334040525	1.1943336277295822
-0.00565	6658848.252083485	1046.6111744861066	2.5819833945009867	3375100.8067413736	4250.430725079044	0.8326943375162643
-0.0058	6147183.505440706	1455.5838841663317	1.8527606346662395	2264535.4846066535	4011.892725863342	1.1990309512341428
-0.0058	6666054.797810848	1039.7027744045229	2.59349134996359	3393288.2515114443	4253.781044538937	0.8268114062362504
-0.00595	6132770.41398598	1465.4523624991016	1.8345932849500273	2238020.8515888364	4005.209601357053	1.2083998661493283
-0.00595	6673261.343538211	1032.748162743336	2.605035862709633	3411552.6950939763	4257.130071778003	0.8208975958178265
-0.0061	6125563.868258617	1470.3617643998105	1.8255565724910194	2224854.5319929137	4001.86968306262	1.2130716391180538
-0.0061	6680467.8892655745	1025.7463995525447	2.616617598185855	3429894.313613211	4260.478000958163	0.8149520035997274
-0.00625	6687674.434992937	1018.6965125788362	2.628236664737181	3448314.037206038	4263.824703235793	0.8089740396271994
-0.0064	6103944.231076527	1484.9925900734665	1.7986340760365138	2185718.1212431714	3991.8567094615855	1.2270382656951626
-0.0064	6694880.9807203	1011.597495689643	2.6398931542845916	3466811.3844107515	4267.1702123202285	0.8029629495695428
-0.00655	6096737.6853491645	1489.8376032399735	1.7897222237396453	2172793.046541768	3988.521378140527	1.2316779826573663
-0.00685	6075118.048167076	1504.279016137633	1.7631737286160791	2134376.148146999	3978.522443735214	1.2455508114730098
-0.00715	6053498.410984986	1518.5831003788317	1.736904674378165	2096493.8902890366	3968.534541327811	1.2593568901570944
-0.0073	6046291.865257623	1523.3212806925899	1.7282103293583155	2083984.4920100379	3965.2077479638947	1.2639446640481158
-0.0073	6730913.709357115	975.3276557198236	2.6987402966550964	3560479.065217061	4283.877804849177	0.7723805462978889
-0.00745	6738120.255084478	967.9106077304872	2.710623777411074	3579450.848181435	4287.2151053515445	0.7661526110763052
-0.0076	6024672.228075534	1537.4482100464684	1.7023128332158988	2046808.2606466028	3955.235080465304	1.2776662838252735
-0.0079	6003052.590893445	1551.446509854358	1.6766932922152165	2010156.546978865	3945.2742238948344	1.2913276430112623
-0.00805	5995846.045166082	1556.0846263600172	1.668214986626084	1998055.1080168993	3941.9565967849258	1.2958685232556988
-0.0082	5981432.953711355	1565.3196310349676	1.6513506599329275	1974025.2087708951	3935.3254903134284	1.3049313920658285
-0.0082	6766946.437993931	937.6558956985747	2.758543720851439	3656144.025900558	4300.549024633803	0.7408370177566016
-0.00835	5967019.862256629	1574.5004700580114	1.6346092768174265	1950224.5517941185	3928.6998302752436	1.3139696390893159
-0.0085	5959813.316529267	1579.0708729083774	1.6262844651313988	1938409.6540880017	3925.3890617534585	1.3184798546757284
-0.0085	6781359.529448657	922.1563836079232	2.782736757425997	3694978.1226970986	4307.206368134843	0.7279214327832161
-0.00865	5945400.22507454	1588.1722213214402	1.6097267296944875	1914950.574605864	3918.7717815809106	1.3274827086060954
-0.0088	5938193.679347177	1592.7033923589802	1.601493643857274	1903305.8658033125	3915.465271250972	1.3319754938445276
-0.0091	5916574.042165088	1606.2202122984204	1.576977522759826	1868709.4678524376	3905.554327208664	1.345420518913479
-0.0091	6802979.166630747	898.4058779107938	2.8193224467188833	3753847.5284869773	4317.179750017992	0.7081985908821614
-0.0094	5894954.404982999	1619.6242294928043	1.55273519075642	1834616.130758335	3895.6564707261396	1.3588168988634055
-0.0097	5873334.7678009095	1632.918221811594	1.5287658190393763	1801021.2889202456	3885.771868408017	1.3721670764636362
-0.0097	6824598.803812835	874.0102099520846	2.8562652208765162	3813465.1390813757	4327.13699252284	0.6880234457071869
-0.00985	5866128.222073546	1637.3255664586277	1.5208364768450304	1789933.1308047306	3882.4799803495375	1.3766071656979733
-0.01	5851715.13061882	1646.1048549495617	1.505068321498758	1767920.7713231912	3875.900684128329	1.3854727759858934
-0.01015	5844508.584891457	1650.4769870989549	1.4972293844667892	1756996.3173100436	3872.6132760239348	1.3898985348050246
-0.01015	6839011.895267562	857.3608716235152	2.881094995042397	3853631.3806012245	4333.7660313426795	0.6743015385185078
-0.01045	5822888.947709368	1663.5244390472365	1.4738929821801494	1724547.9047070271	3862.7602756169304	1.403147904875411
-0.0106	6853424.986722288	840.381747351513	2.9060870301247785	3894137.2351629655	4340.387504159923	0.6603460543179733
-0.01075	5801269.310527278	1676.4703497740727	1.4508262286919626	1692583.259391511	3852.921115900847	1.4163571056711781
-0.01105	5779649.67334519	1689.3170537337799	1.428027856653683	1661097.8530012134	3843.0958323155423	1.42952815340621
-0.01105	6867838.078177014	823.0524274747806	2.931242438610923	3934985.2493340024	4347.001189437846	0.6461413650663583
-0.0112	5765236.581890463	1697.8275209647275	1.4129775834332539	1640371.7044046652	3836.553513825232	1.4382882327766273
-0.0112	6875044.623904377	814.2494746190526	2.9438813387867357	3955538.0985389743	4350.3049393239735	0.6389404554962721
-0.0115	5743616.944708373	1710.5138307857703	1.390624189669829	1609675.1199289926	3826.7517922401294	1.4513989200702124
-0.0118	5721997.307526285	1723.1067406500354	1.3685361135856402	1579445.6552622868	3816.964341644424	1.4644755681370139
-0.01195	6896664.261086467	787.2502350290055	2.982047219096105	4017719.610234712	4360.204578532975	0.6169145986661498
-0.0121	5700377.670344195	1735.6082835818015	1.3467120837041664	1549678.592400434	3807.1912316734083	1.4775197292222095
-0.01225	5693171.1246168325	1739.7555016416798	1.3394958465271092	1539858.2352565406	3803.9367208971153	1.4818609770669269
-0.01225	6903870.80681383	778.0423131800086	2.9948523262711095	4038621.5892982245	4363.500406012847	0.6094230738236797
-0.0124	5678758.033162106	1748.0204199041686	1.3251508123228521	1520369.4403628116	3797.4325584590806	1.4905330537371193
-0.01255	5671551.487434743	1752.1382593439	1.3180218893101636	1510700.6704990908	3794.1828726677477	1.4948640956092991
-0.0127	5657138.395980017	1760.3450408275428	1.3038509706813488	1491513.4440558045	3787.688336913384	1.5035166547652277
-0.01285	5649931.8502526535	1764.4341172797726	1.2968088289132484	1481994.6718724451	3784.443486211677	1.5078382149496317
-0.013	6925490.443995919	749.7403328715346	3.033518705070507	4101854.9784921794	4373.375452482938	0.5864592759379814
-0.01315	5628312.213070564	1776.6448797058545	1.2758553246572302	1453735.6152328197	3774.7186568500942	1.520784670845823
-0.0133	5613899.121615838	1784.73897573132	1.2620298123560014	1435142.222200552	3768.2434635062573	1.529400878055046
-0.01345	5599486.030161113	1792.7965290026452	1.2483186285514236	1416744.0088582765	3761.7747488752325	1.538005678575879
-0.0136	5592279.48443375	1796.8117558215881	1.2415057614022038	1407617.6091321683	3758.542814588066	1.5423039912698635
-0.0139	5570659.84725166	1808.803958482742	1.2212372649960805	1380527.3799444814	3748.856620799088	1.5551829868600056
-0.0142	5549040.210069571	1820.7171758916913	1.2012230824473198	1353866.9878496442	3739.184914401237	1.5680387252520518
-0.0145	5527420.572887481	1832.552948471393	1.1814615105976762	1327631.4963285476	3729.5274920110887	1.5808727359741603
-0.0148	5505800.935705392	1844.3127672158469	1.1619510576806513	1301816.3880416874	3719.8842900672644	1.5936859053754622
-0.0148	6968729.718360097	689.6607992382657	3.1119951313340644	4230732.334248884	4393.069177961601	0.5380083171459178
-0.01495	5491387.844250666	1852.1111646509844	1.1490827661724483	1284837.4544531673	3713.4632961423727	1.6022171019026392
-0.01525	5469768.2070685765	1863.7475796333056	1.1299873540918	1259712.4155361399	3703.8433875694514	1.6149982010954074
-0.0154	5462561.661341214	1867.6102730612001	1.1236771716586518	1251428.2653381294	3700.6398294435053	1.6192544459859468
-0.0154	6983142.809814824	668.4353634395102	3.1384961864182688	4274414.602587069	4399.616773388341	0.5209821764154788
-0.01555	5448148.569886487	1875.311791397149	1.1111388148002495	1234995.1732281863	3694.2372387559763	1.627761243870924
-0.0157	5440942.024159124	1879.1507141280365	1.1049105342544074	1226845.8967399371	3691.0381757269483	1.632011875459415
-0.0157	6990349.355542187	657.565771342901	3.1518115855527666	4296393.462503973	4402.887507460237	0.5122804670274982
-0.016	5419322.386977036	1890.62071309189	1.086388656620447	1202665.12450368	3681.4498902198143	1.6447527205859809
-0.0163	5397702.749794946	1902.0215443407221	1.0681098228454746	1178881.2238287316	3671.8746317011323	1.657477975356987
-0.01645	7004762.446996912	635.2688885285766	3.1785728932793607	4340627.366773094	4409.422413182253	0.4944664345010561
-0.01675	5361670.021158131	1920.872565374886	1.038180786146732	1140110.7469671397	3655.943947263241	1.678654571696782
-0.0169	5354463.475430768	1924.6206129688578	1.0322748300324487	1132485.577722243	3652.7618937275574	1.6828852990048517
-0.01705	5340050.383976041	1932.0948959029097	1.0205420700507917	1117362.6028230889	3646.4017109292417	1.6913426470887472
-0.0172	5332843.8382486785	1935.8212154609735	1.01471522317734	1109864.523704995	3643.2235662434687	1.6955691412487328
-0.0172	7019175.538451639	612.1604183732233	3.2055084106158276	4385229.848952268	4415.948639675079	0.4760534402341254
-0.0175	5311224.201066589	1946.9573833530562	0.9973919676317095	1087621.815361677	3633.696599526039	1.70824099050235
-0.01765	7026382.084179002	600.272676679652	3.2190415905823415	4407670.3737304285	4419.208523637939	0.46660018048950846
-0.0178	5289604.5638844995	1958.0302160480462	0.9803033788173292	1065752.8989610714	3624.180525771881	1.720901439013128
-0.01795	5275191.472429774	1965.3774471756335	0.9690404807140144	1051379.000403038	3617.8421776035843	1.7293358477604848
-0.0181	5267984.926702411	1969.0407820361	0.963447676885698	1044253.1699225428	3614.674660729341	1.7335514008514599
-0.01825	5253571.835247684	1976.3470809123555	0.9523390251558386	1030122.7950611534	3608.3427795682414	1.7419793950403473
-0.0184	5246365.289520321	1979.9901200979552	0.9468230961880949	1023117.9749962892	3605.1784108746865	1.7461917174795636
-0.0187	5224745.652338232	1990.8792404487253	0.9304278995826977	1002342.8432122214	3595.6910419647093	1.7588229732163327
-0.01885	5217539.106610869	1994.4957361459612	0.9250135111151271	995497.0242081856	3592.530419363435	1.7630314978023247
-0.01915	5188712.923701417	2008.8966143939126	0.9036074128136223	968505.2954950018	3579.8963510160615	1.7798570468343116
-0.0193	5181506.377974054	2012.4807325234322	0.8983184782708357	961854.4346991073	3576.739768166859	1.784061378479073
-0.0196	5159886.740791964	2023.194991379286	0.8826006715911102	942132.1611116753	3567.274178081673	1.7966697445772752
-0.01975	5152680.1950646015	2026.7538243696383	0.87741084920432	935634.2523725912	3564.120200568883	1.8008712337522812
-0.0199	7062414.812815817	536.9002040365822	3.2873720604711933	4521287.203659834	4435.475820298981	0.416409389132365
-0.02005	5131060.557882512	2037.3930251576728	0.8619888830336327	916366.9114469113	3554.6615565130533	1.8134714246692947
-0.0202	5123854.012155149	2040.9271007108166	0.856897174276598	910019.3639655389	3551.509627924292	1.817670121736451
-0.02035	5109440.920700423	2047.9769562486076	0.8467866817283425	897435.5505808176	3545.2069070843518	1.8260661224781771
-0.02065	5087821.283518333	2058.506470159735	0.8318023650954414	878835.6732058052	3535.75508980941	1.838656046820538
-0.02095	5066201.646336244	2068.9823977147967	0.8170340843837738	860562.9554199172	3526.3048770784185	1.8512417112565207
-0.0211	5058995.100608882	2072.462606057922	0.8121589933226296	854543.946323689	3523.154920879995	1.8554361638155197
-0.0214	5037375.463426792	2082.868341463899	0.797675893403145	836700.4891982274	3513.7048243326703	1.868017056866238
-0.02155	7084034.449997907	494.9975300244887	3.328905035405063	4590597.409835369	4445.21016240208	0.38339777888312426
-0.0217	5015755.826244703	2093.2223489722137	0.7834044751128911	819173.8695521317	3504.253142222892	1.8805950689783275
-0.02215	4986929.643335251	2106.948544235396	0.7647019057055064	796290.381922882	3491.6457926504695	1.8973621791046758
-0.0223	4979723.097607887	2110.366143471408	0.7600840255593098	790655.1240115671	3488.4926674349695	1.9015534486469203
-0.02275	4943690.368971072	2127.3717862150975	0.7373375600578566	762984.3564130731	3472.7160059150133	1.9225079803948848
-0.0229	4936483.823243709	2130.7566281109484	0.7328563776520994	757550.2175468783	3469.55800094097	1.92669857355341
-0.0229	7098447.541452632	464.96921599272906	3.3568180121778597	4637283.595408013	4451.688798802828	0.35981930490363845
-0.0232	4914864.18606162	2140.8790443654025	0.719547725490967	741444.9930487552	3460.0775241034885	1.9392703276709196
-0.02335	4907657.640334256	2144.24256418383	0.7151562383587587	736141.777704944	3456.9149276895246	1.943460995008819
-0.0235	4893244.54887953	2150.953824926769	0.7064399526681806	725632.2057508328	3450.5856664303137	1.9518424199228341
-0.02365	4886038.003152167	2154.3016150070125	0.702115000026529	720425.561658613	3447.4188530826373	1.9560331218763378
-0.02395	4864418.365970078	2164.313915028502	0.6892720529191487	704996.1979421732	3437.9087600934345	1.9686064158911092
-0.0241	4857211.820242715	2167.6410713586156	0.6850347993525547	699916.099654786	3434.7352286865157	1.9727977869346511
-0.02425	4850005.274515352	2170.963128589579	0.6808193029864307	694867.2609049516	3431.559847608495	1.9769893002665686
-0.0244	4835592.183060626	2177.5920390662955	0.6724532391150392	684862.7334113591	3425.2031094151425	1.9853730770789886
-0.0244	7112860.632907359	432.8627830057001	3.384913115830622	4684359.941377059	4458.158833920149	0.33467591149865666
-0.02485	4806766.000151174	2190.7896874012827	0.6559788445064707	665222.0001644727	3412.463544145326	2.0021440122334826
-0.025	4797953.882308252	2194.808349289216	0.6510106815546335	659314.7035908172	3408.5615061876947	2.0072718787376034
-0.025	4799559.45442381	2194.0766955324366	0.6519135274702745	660387.6805687865	3409.2727446569565	2.006337535042751
0.00035	6334553.694352146	1320.5998886952343	2.100461460000723	2631936.0155904717	4099.102277213415	1.0736742218129671
0.00035	6521923.883263586	1170.1468660809144	2.370181540179736	3043788.5142825907	4186.6125081768305	0.9393846634743873
0.00065	6320140.6028974205	1331.469206903155	2.0806389355633312	2602140.3818205143	4092.376947736331	1.0835858037872867
0.0008	6312934.057170057	1336.870726879022	2.070776131717596	2587340.321095888	4089.014939814404	1.088522795140034
0.00125	6284107.874260604	1358.262016771782	2.031648073418125	2528790.1091425465	4075.573019863969	1.1081489944431835
0.0014	6276901.3285332415	1363.557405340778	2.0219464874447843	2514313.9628404113	4072.2141275606336	1.1130260889910175
0.00155	6579576.249082491	1119.7941581206683	2.457797712762761	3180038.8168351515	4213.514738506871	0.8955437318137957
0.0017	6255281.691351152	1379.3215984765313	1.9930340778044493	2471269.1338015413	4062.141573116453	1.1275900104999264
0.0017	6586782.794809854	1113.339959359427	2.468907860925756	3197398.385238238	4216.874923894727	0.8899606044142805
0.00185	6248075.145623789	1384.5364435357342	1.9834605334678281	2457048.341228899	4058.7855372817826	1.1324228041593831
0.00185	6593989.340537217	1106.8481258292497	2.4800536958646444	3214832.148926691	4220.234353785989	0.8843528332006432
0.002	6601195.88626458	1100.3179913993033	2.491234864921163	3232339.280285125	4223.5929955563015	0.878720371377667
0.00215	6226455.5084417	1400.064440603631	1.9549309897057976	2414765.5679054875	4048.72220871207	1.1468573640637791
0.00215	6608402.431991943	1093.7488700530262	2.502451954268483	3249921.0722318455	4226.950856844614	0.8730622381074084
0.0023	6219248.962714337	1405.2023090279506	1.9454846671381025	2400797.3365668054	4045.369406625803	1.1516483698726583
0.0023	6615608.977719306	1087.1400550469777	2.5137048830840567	3267577.3474307726	4230.3078763845415	0.8673780699971363
0.00245	6622815.52344667	1080.490818023373	2.5249939678120312	3285308.9453005116	4233.6641011616775	0.8616672976240048
0.0026	6197629.325532248	1420.5044187406322	1.9173361217798193	2359268.227616524	4035.316329111763	1.1659617355123648
0.0026	6630022.069174033	1073.8004080731635	2.53631902405107	3303115.6516889725	4237.01942048624	0.8559293757409018
0.00275	6190422.779804884	1425.5686216792192	1.9080165109293976	2345549.758451482	4031.9671189556448	1.1707135272147526
0.00275	6637228.6149013955	1067.0680507462337	2.5476802830012932	3320997.843393579	4240.3737026013405	0.8501639030965032
0.0029	6644435.160628758	1060.292947005044	2.559078267358157	3338956.2181983003	4243.727091022167	0.8443697660262816
0.00305	6168803.142622795	1440.654424031165	1.8802469750663156	2304765.9858534853	4021.9253823319464	1.1849127717287575
0.00305	6651641.706356122	1053.4742721176979	2.57051257445914	3356990.3496825616	4247.079527021621	0.8385467552378135
0.0032	6161596.596895432	1445.6480418605677	1.8710534704112332	2291294.5249968735	4018.5801632227067	1.189627629655703
0.0035	6139976.9597133435	1460.5264582675215	1.843661301117227	2251247.701889529	4008.5506462805347	1.2037196124753868
0.0038	6118357.322531254	1475.2548287206687	1.8165512169971938	2211748.824577093	3998.530932790869	1.217735226164004
0.00395	6111150.776803891	1480.131717489486	1.8075770390211263	2198703.5078677847	3995.193269478649	1.2223907359334856
0.00425	6089531.139621802	1494.6669112155237	1.7808415513422091	2159927.779428222	3985.1871759549163	1.23630984097634
0.00425	6702087.526447663	1004.4483071969565	2.651586867838344	3485387.1410139096	4270.514424832026	0.7969177583386994
0.0044	6082324.593894439	1499.48066574307	1.7719920959390216	2147122.1992180753	3981.854196979647	1.2409340458968152
0.0044	6709294.072175026	997.2478680729811	2.6633184674071644	3504041.432902389	4273.857343561623	0.7908378366162715
0.00455	6067911.502439712	1509.0621093403456	1.7543863235808328	2121689.558914148	3975.19192243842	1.250160141886669
0.00455	6716500.61790239	989.9950600489774	2.675087653966154	3522774.623575666	4277.198879709169	0.784722248701558
0.0047	6060704.956712349	1513.8300899709516	1.7456299580735901	2109062.192708051	3971.8625884253665	1.25476214080498
0.0047	6723707.163629753	982.6887235878168	2.686895012864986	3541587.02696387	4280.539082750771	0.7785700392306333
0.005	6039085.31953026	1528.0447688682548	1.7195469153595924	2071533.8455409724	3961.8822532120557	1.2685254030463422
0.00515	6031878.773802897	1532.7537007361502	1.7109144652146033	2059141.8631769652	3958.558034520315	1.2730991433212648
0.0053	6017465.682348171	1542.1284285135966	1.693742241424464	2034532.941931531	3951.913468456479	1.2822266363224415
0.0053	6745326.800811842	960.4362826874428	2.7225458271868894	3598502.734746913	4290.550898960672	0.7598853297046455
0.00545	6010259.136620807	1546.7944858592375	1.6852023358087946	2022315.7488179787	3948.5931690004563	1.2867804120052693
0.00545	6752533.346539205	952.903332792864	2.734506479581777	3617635.8347718846	4293.885203109477	0.7535777279683634
0.0056	6759739.892266568	945.3103565459453	2.746505649892285	3636849.1702790456	4297.2178892304355	0.7472286385612763
0.00575	5988639.499438718	1560.7089593670953	1.659767528239689	1986011.4285684251	3938.640357357795	1.3004030358970584
0.00605	5974226.407983992	1569.9167617291603	1.6429646863499219	1962096.199206771	3932.0119231865656	1.3094535434311083
0.00605	6774152.983721294	929.9384319854562	2.7706206936450126	3675520.0589856957	4303.878531560291	0.7344017006272908
0.00635	5952606.770801903	1583.628085480411	1.6179902530860808	1926651.7313344132	3922.07970846787	1.3229842326730927
0.0065	6788566.07517602	914.308101448367	2.7948925927758856	3714518.682271177	4310.532519473714	0.7213950165235615
0.00665	5930987.133619814	1597.2217089328988	1.5932911697948227	1891717.6320170758	3912.160233709099	1.3364626372299184
0.00665	6795772.620903383	906.3918649896366	2.8070876308142805	3734141.5263411747	4313.857004819919	0.7148211964499116
0.0068	5923780.58789245	1601.7272798267677	1.5851191108339713	1880185.5328964232	3908.856552078452	1.3409443108445596
0.00695	5909367.496437725	1610.7006121097454	1.5688663829991658	1857289.3707531337	3902.2535964649655	1.3498913156692955
0.0071	5902160.950710362	1615.1685835557334	1.5607855984128929	1845924.9234591885	3898.954309938904	1.354356832728286
0.0071	6810185.71235811	890.3482633272996	2.831596896598451	3773636.5743212416	4320.500667629961	0.7015257246971511
0.00725	5887747.859255635	1624.0676513664348	1.5447151311573888	1823362.7620290841	3892.3601371949417	1.3632720577646875
0.00725	6817392.2580854725	882.2170586398863	2.8439109042630912	3793508.980245529	4323.819744469855	0.6948012353841606
0.0074	5880541.313528272	1628.4989492381053	1.53672529130447	1812164.415772987	3889.065235315047	1.367722136603207
0.0077	5858921.676346183	1641.7210792439112	1.5129372294842751	1778899.620445448	3879.1895350764394	1.3810424700146338
0.0077	6831805.349540199	865.7255660114002	2.868660072387343	3833506.296785779	4330.452482314404	0.681190813780737
0.008	5837302.039164094	1654.8375679800024	1.489420588248456	1746126.1334789088	3869.327412948678	1.3943196367265507
0.00815	5830095.4934367305	1659.1866886678836	1.4816417887519817	1735310.068544974	3866.043111004529	1.398735951201725
0.00815	6846218.440994925	848.9137604823637	2.8935707607097556	3873841.6857757755	4337.077721140211	0.667353874610658
0.0083	5815682.401982005	1667.8509078338352	1.4661741668836095	1713839.4012039595	3859.479012697383	1.4075553656713875
0.00845	5808475.856254641	1672.1661825957597	1.4584851986219587	1703184.5202933582	3856.1992556373366	1.4119584887435699
0.0086	5794062.764799915	1680.7634947030256	1.44319690048753	1682035.0397591775	3849.6444332141673	1.420751759465361
0.0086	6860631.5324496515	831.7622195236177	2.918644019441915	3914518.109055969	4343.695287223518	0.6532759091211221
0.00875	5786856.219072552	1685.0457016297964	1.435597538691563	1671540.025836178	3846.3693827857473	1.4251419430759273
0.00905	5772443.127617827	1693.577633145438	1.4204878931537626	1650708.5256285376	3839.823913021993	1.4339101881497751
0.0092	5758030.0361631	1702.0667972791073	1.4054969510451405	1630087.3128907457	3833.284686013827	1.4426622981758215
0.00935	5750823.490435737	1706.2955411811529	1.3980457754469866	1619855.1786009227	3830.017460637913	1.4470325313390446
0.00935	6882251.16963174	805.3503060548729	2.9565621048475323	3976178.6561584356	4353.606923477503	0.6316705193571786
0.0095	5736410.398981011	1714.7217432470309	1.383232081606886	1599546.918133465	3823.4877116326406	1.455761510235524
0.00965	5729203.853253648	1718.9193547746393	1.375869341045462	1589470.4517418398	3820.225208829861	1.4601204304679805
0.00965	6889457.715359103	796.3516961794907	2.9692837466547783	3996905.615728572	4356.906736415375	0.6243295407060856
0.0098	5714790.761798922	1727.2839752421469	1.3612321891137529	1569472.149050306	3813.7050393834334	1.468827138943665
0.00995	5707584.216071558	1731.4511320228016	1.3539574954440972	1559549.790952774	3810.4473263029236	1.4731752082055634
0.01025	5685964.578889469	1743.8928570721368	1.332308762047183	1530088.5645517448	3800.6838205538716	1.48619865226784
0.0104	6911077.352541192	768.7241050232345	3.007699262444748	4059611.054074867	4366.794174930013	0.6018521653751113
0.01055	5664344.94170738	1756.2464437861213	1.3109219034884767	1501081.9918833806	3790.9347912561507	1.499191997664679
0.0107	6918283.898268555	759.2915501894165	3.0205877680886233	4080688.3452884667	4370.085739503185	0.5941987264918898
0.01085	5642725.304525291	1768.513739182022	1.2897955446626748	1472525.5013171793	3781.20022900927	1.5121567817285242
0.011	5635518.758797928	1772.5839718135505	1.282811065878255	1463105.9038223398	3777.9586493191664	1.516472147225495
0.01115	5621105.667343201	1780.6965266545997	1.2689283177347714	1444414.5189448409	3771.4802898252865	1.5250941148749666
0.0113	6932696.989723282	740.065858744743	3.046491737128003	4123110.4181980654	4376.66298496307	0.5786306836994077
0.01145	5606692.575888475	1788.772289294869	1.25515999688604	1425918.8169137258	3765.0083016402523	1.5337046647926995
0.0116	6939903.535450645	730.2632291337611	3.0595072388327167	4144454.9655639874	4379.948411928202	0.570708866898699
0.01175	5585072.938706386	1800.8180300389558	1.2347212682334388	1398539.5620849286	3755.3125068119716	1.5465996082500146
0.0119	5577866.392979023	1804.8154112728846	1.2279651093911448	1389509.5100996753	3752.083788125391	1.5508925440418353
0.0119	6947110.081178008	720.3272120155829	3.0725652663886716	4165889.291421956	4383.23179738814	0.5626902795995966
0.01205	5563453.301524296	1812.7837299792727	1.2145377438629472	1371593.1414995904	3745.6311545168937	1.5594706903007023
0.0122	5556246.755796934	1816.7547834345423	1.2078663179168512	1362706.3427717097	3742.407223020131	1.5637559962794354
0.0122	6954316.626905371	710.2522093703158	3.0856660019581335	4187413.4357503005	4386.5130533940655	0.5545704027905305
0.01235	5541833.664342208	1824.6709637744943	1.1946078868079064	1345074.7793884974	3735.9641790138994	1.572319119415812
0.0125	5534627.118614845	1828.6162028967335	1.1880207361303146	1336329.7702059685	3732.7450703709806	1.5765970710211652
0.0125	6961523.172632734	700.0322203018152	3.098808858807152	4209027.998602486	4389.79212957596	0.5463447818538745
0.01265	5520214.027160118	1836.4812551196708	1.1749301845713596	1318979.9810470606	3726.311523494436	1.58514610267205
0.0128	5513007.4814327555	1840.4011768798255	1.1684267281064558	1310374.9930462926	3723.0971047610055	1.5894171377668957
0.0131	5498594.389978029	1848.2160790259618	1.1555030746574848	1293303.905423322	3716.672984641684	1.5979526048689052
0.01325	5484181.298523303	1855.9980758825025	1.1426901286613682	1276416.8941792564	3710.255130360544	1.606479371313382
0.01325	6975936.26408746	679.1310083858914	3.1252241670259697	4252528.360633711	4396.344112558509	0.5295560480921074
0.0134	5476974.75279594	1859.8768639709128	1.1363250145244972	1268041.888610526	3707.0485034602357	1.6107398038794531
0.0137	5455355.115613851	1871.4649939281408	1.1173943083853168	1243189.2394335144	3697.4377788279717	1.6235088572783745
0.014	5433735.478431761	1882.981810284591	1.0987094824309385	1218741.2542181439	3687.840609163634	1.6362605521513256
0.01415	5426528.932704398	1886.8051275416233	1.092535497729175	1210680.992195202	3684.644471989157	1.6405076074870724
0.0143	5412115.841249673	1894.4286136528904	1.0802687482174733	1194693.2454495928	3678.256678130605	1.648996271414735
0.0143	6997555.9012695495	646.5134586279381	3.1651704827583687	4318464.0489136875	4406.155997039068	0.5034443549699437
0.01445	5404909.295522309	1898.2288754735398	1.0741758420466971	1186765.3488283183	3675.064937932034	1.6532379579754712
0.0146	5390496.204067583	1905.806665585728	1.0620705934334558	1171040.6057224527	3668.685698584725	1.6617164843585217
0.01475	5383289.658340219	1909.5842840905764	1.0560581691278417	1163243.5074339728	3665.4982336952166	1.6659532464271964
0.0149	5376083.112612857	1913.3544442942202	1.0500724462119098	1155489.5778466577	3662.312085172933	1.6701885300869317
0.01505	5368876.566885494	1917.1171901986509	1.0441133183203806	1147778.716084176	3659.127352375772	1.6744223564114713
0.0152	7011968.992724276	623.8216646427129	3.1920186854686996	4362881.571803597	4412.686575078832	0.4853391153577819
0.01535	5347256.929703404	1928.361375707196	1.0263952524349362	1124902.8827743963	3649.5811650204905	1.6871146392099419
0.01565	5325637.292521315	1939.5403758838145	1.0089146471583164	1102408.5268001219	3640.046685543718	1.6997943478693123
0.0158	5318430.746793952	1943.2524182767029	1.0031402191513747	1094994.2498301596	3636.8710242062175	1.7040183924102936
0.01595	5304017.655339226	1950.6553114396468	0.9916698622316468	1080290.9451821593	3630.523426416021	1.712462239508578
0.0161	5296811.109611863	1954.3462424817235	0.9859736212931144	1073001.2933325665	3627.351384187859	1.7166825321456671
0.0164	5282398.018157137	1961.7072713358343	0.9746590125541513	1058545.4745629204	3621.010782934332	1.7251193067286499
0.01655	7033588.629906365	588.1447057599246	3.232619366402016	4430205.81321031	4422.466385389395	0.4569685567222813
0.0167	5260778.380975047	1972.697314028704	0.9578805508739182	1037167.7985746188	3611.508212236329	1.7377658915600993
0.017	5239158.743792959	1983.6264686528662	0.9413326058597543	1016153.1248490808	3602.014981586377	1.75040309872821
0.017	7040795.1756337285	575.761325080715	3.2462408682821735	4452834.4796568	4425.721989183322	0.4471473883316881
0.01715	5231952.198065596	1987.2561633053165	0.935867579226866	1009228.1603927643	3598.8525646968433	1.754613549197532
0.01745	5210332.560883506	1998.10568613353	0.9196242797943456	988690.450220516	3589.370651245288	1.7672393033469525
0.01745	7048001.721361091	563.1056845779262	3.259907256501162	4475557.963156716	4428.975458493363	0.43712360776651094
0.0176	5203126.015156142	2001.7091258256962	0.9142602569420667	981923.1242416769	3586.2117480721013	1.7714460501186662
0.01775	5195919.46942878	2005.3060903185326	0.9089213412760425	975194.796496813	3583.0536730353333	1.77565193871573
0.01805	5174299.832246691	2016.058478872271	0.8930544040253183	955242.0666588002	3573.5839073674356	1.7882649097273622
0.01805	7055208.267088454	550.1589956996517	3.2736171850187405	4498374.956752655	4432.226755164194	0.42688289057680173
0.0182	5167093.286519327	2019.6298873029937	0.8878151489252776	948668.0103452777	3570.4287160262197	1.7924677353133547
0.0185	5145473.649337238	2030.3064192509667	0.8722457082610279	929174.2438798129	3560.9668362630337	1.805071817592751
0.01865	5138267.103609875	2033.8528087121763	0.86710504457858	922751.8372279691	3557.8139529308633	1.809271938356136
0.01895	5116647.466427786	2044.455067217322	0.85182979688572	903708.9460529765	3548.3580807199464	1.8218684294262464
0.01925	5102234.37497306	2051.4927991050904	0.8417677909303402	891198.9971749616	3542.056043778349	1.8302632654520983
0.01925	7069621.35854318	523.3055872430542	3.3011712672128537	4544294.445919671	4438.722749873967	0.40568481643330684
0.0194	5095027.829245697	2055.0026268194315	0.8367730645387274	884999.1111919185	3538.905466523992	1.8344598380829473
0.01955	5080614.73779097	2062.0043596326896	0.8268556908390474	872708.6530427407	3532.604906986762	1.8428517108486242
0.0197	5073408.192063607	2065.4963254866716	0.8219329419511635	866617.8077429403	3529.454854125266	1.8470469246680945
0.01985	7076827.904270544	509.34825628941763	3.3150155762817617	4567397.801569353	4441.967458147653	0.39468874641202106
0.02	5051788.554881519	2075.936980007611	0.8073076607645748	848560.6682609705	3520.0049805616463	1.8596301257313979
0.02015	5044582.009154155	2079.4055488090457	0.8024799844653163	842612.9032478272	3516.854974420626	1.8638237262938313
0.02045	5030168.917699428	2086.3253867331678	0.7928953101181754	830823.3102697389	3510.554509274727	1.8722100157059236
0.0206	5022962.371972065	2089.7767131399532	0.7881381968720799	824981.1757786934	3507.403977894701	1.8764025705505942
0.02075	5008549.28051734	2096.6623222854646	0.7786940275935705	813401.3402426442	3501.101964652505	1.8847871784727683
0.0209	5001342.734789977	2100.0966609054462	0.7740068280304795	807663.325481753	3497.950382786977	1.8889790966713536
0.02105	4994136.189062614	2103.525392430747	0.7693427823624545	801959.7166676576	3494.7983332512827	1.8931708269008114
0.0212	7091240.995725269	480.21814134372187	3.342839072017424	4613892.53924073	4448.450630033032	0.37178500453958435
0.02135	4972516.5518805245	2113.7782170712962	0.7554890799638644	785053.7599722234	3485.3388731359555	1.905744608798595
0.0215	4965310.006153161	2117.184791750554	0.7509170463609027	779486.1709214286	3482.1843838836826	1.909935589552033
0.02165	4958103.460425798	2120.5858940100875	0.7463678178829065	773952.1641186322	3479.0291302830406	1.9141265013249258
0.0218	4950896.914698435	2123.981550138628	0.7418413561575135	768451.6319591099	3475.873017517074	1.9183172715937524
0.0221	4929277.277516346	2134.136101492467	0.7283977220426368	752149.0589100142	3466.3989803585096	1.9308891601853932
0.02225	4922070.731788983	2137.5102318230415	0.7239615306596936	746780.6959618026	3463.2388418056253	1.9350797576690264
0.0227	4900451.094606893	2147.6008161463274	0.7107869876186278	730870.8908130993	3453.7509928964264	1.9476517297207567
0.02285	7105654.087179996	449.20293895539635	3.370842782409866	4660772.9184573395	4454.924842809379	0.3474639912159721
0.023	4878831.457424805	2157.644210678987	0.697812086692593	715250.7711642435	3444.2504848897593	1.9602240709321013
0.02315	4871624.911697442	2160.9816360467466	0.6935311096467957	710107.6975759267	3441.0804768442	1.9644151400818501
0.0236	4842798.728787988	2174.280110093955	0.6766254583320258	689849.5063164555	3428.382498395694	1.9811811451249473
0.0239	4828385.637333263	2180.898938525037	0.6683025298194081	679906.722097692	3422.0216050562804	1.9895654010482704
0.02405	4821179.0916059	2184.2008313143638	0.6641732894045912	674981.4015255574	3418.8379112238795	1.9937579405403916
0.0242	4813972.545878537	2187.497740106052	0.66006542369325	670086.5345731453	3415.6519168618506	1.9979508084937811
0.0245	4792352.9086964475	2197.3587866648595	0.647869349244801	655583.363436853	3406.079400022225	2.010531439836467
0.02465	4785146.362969084	2200.635982798607	0.64384629310099	650808.9682941774	3402.8834316748917	2.0147257381830306
0.0248	4777939.817241721	2203.908305770164	0.6398442493557123	646064.3101374578	3399.6847663396024	2.0189204334847113
0.0248	7120067.178634722	415.8811097618094	3.399028479931929	4708043.716030812	4461.390465091768	0.3214035260661615
0.02495	4770733.271514358	2207.1757772541455	0.635863125944795	641349.2219391123	3396.483301312632	2.023115568000174
0.0251	4763526.725786995	2210.438418764967	0.6319028787148717	636663.5756728014	3393.2789568455137	2.027311130735091
0.02525	4756320.180059632	2213.6962516585	0.62796343866281	632007.2242636556	3390.071643677685	2.031507208250488
0.0254	4741907.088604906	2220.1975762342295	0.6201466165279886	622781.8088977726	3383.647808353282	2.039900951699689
0.0254	4749113.634332269	2216.9492971337027	0.624044702383386	627380.0104716594	3386.86130152646	2.0357037998772385
0.02555	4734700.542877543	2223.4411098500163	0.6162691190037441	618212.4420754331	3380.431105802993	2.0440986432935575
0.0257	4727493.997150179	2226.6799187188535	0.6124121056602372	613671.7805474853	3377.211100810984	2.0482968762243856
0.02585	4720287.451422816	2229.914023427927	0.6085755261848957	609159.6940507833	3373.9877129048314	2.0524956876590346
0.02585	7127273.724362085	398.17584808974595	3.4131900673976814	4731825.402469558	4464.62002612773	0.3075838569536367
0.026	4713080.905695453	2233.1434444153497	0.6047592873158208	604675.988481511	3370.7608526626673	2.056695220647204
0.02615	4705874.35996809	2236.368201971665	0.6009633185455187	600220.546748134	3367.53043008937	2.0608953917146637
0.0263	4698667.814240728	2239.588316241336	0.5971875672456473	595793.2435809759	3364.2963812548164	2.065096182807109
0.02645	4691461.268513365	2242.803807224214	0.5934319385545656	591393.9144413362	3361.0586183812206	2.069297675691585
0.0266	4684254.722786002	2246.0146947769854	0.5896963586211589	587022.4132904684	3357.8170734481528	2.073499995524814
0.02675	4669841.631331275	2252.422738311707	0.5822850638145983	578362.3619588957	3351.322258141923	2.081906698568183
0.02675	4677048.177058638	2249.220998614605	0.5859807674740837	582678.635542426	3354.5716528969497	2.0777028831685973
0.0269	4662635.085603911	2255.6199333039986	0.5786091796036367	574073.5132436634	3348.068824184895	2.0861113021214805
0.02705	4655428.539876549	2258.8126028896377	0.57495305961533	569811.9363585494	3344.8112994991557	2.0903166536012323
0.02705	7134480.270089448	379.645775094707	3.427397078334417	4755706.404693192	4467.84729069032	0.2931395711542266
0.0272	4648221.994149186	2262.000766230592	0.571316599709482	565577.4663689273	3341.549573319065	2.094522991168224
0.02735	4641015.448421823	2265.18444235398	0.5676997734803192	561370.0096479267	3338.283617586269	2.098730060154025
0.0275	4633808.90269446	2268.363650153396	0.5641024437009202	557189.3676753833	3335.013300869599	2.10293806581853
0.02765	4626602.356967097	2271.5384083902177	0.5605245899648726	553035.4625391169	3331.738616938807	2.1071469808206498
0.0278	4619395.811239733	2274.7087356949	0.5569660815735279	548908.1135643291	3328.4594317075635	2.111356876670983
0.02795	4612189.2655123705	2277.874650568248	0.5534268801634797	544807.1819331233	3325.1757334484532	2.1155677390242458
0.0281	4604982.719785007	2281.036171382678	0.5499069199032226	540732.5603515352	3321.8874220113416	2.119779613900171
0.02825	4597776.174057644	2284.19331638346	0.5464061080361142	536684.1176573702	3318.5944627342083	2.1239923194816837
0.0284	4590569.628330281	2287.3461036899503	0.5429243415387489	532661.6489896701	3315.2967352146925	2.128206277305028
0.0284	7141686.815816811	360.16360600779075	3.441650274937326	4779685.558772908	4471.072519000766	0.2779733352548465
0.02855	4583363.082602918	2290.4945512967984	0.539461589102349	528665.0874508908	3311.994242041347	2.1324212497112853
0.0287	4568949.991148192	2296.778498773831	0.5325927748062993	520749.10703770624	3305.374639363567	2.1408544360052577
0.0287	4576156.536875555	2293.6386770751506	0.5360177610639448	524694.3001035099	3308.686909045214	2.136637225273882
0.02885	4561743.445420829	2299.914034020511	0.5291865519559145	516829.40192518506	3302.0574232099134	2.1450727619308405
0.029	4554536.899693466	2303.045300322863	0.525799035577519	512935.0464676575	3298.7352041838562	2.1492920964236197
0.02915	4547330.353966102	2306.172315069703	0.5224301286132934	509065.9127314308	3295.40791489754	2.153512711870076
0.0293	4540123.808238739	2309.295095532115	0.5190797758376545	505221.8793659189	3292.075530880174	2.1577345027822497
0.02945	4532917.262511376	2312.413658864565	0.5157478643623219	501402.7823379499	3288.7379593342694	2.1619575715295496
0.0296	4525710.716784013	2315.5280221060016	0.5124343736076256	497608.533690392	3285.395211596059	2.166181704338996
0.02975	4518504.171056651	2318.638202180939	0.5091391777681682	493838.96117573313	3282.0471948526206	2.1704072838785256
0.0299	4511297.625329288	2321.744215900533	0.5058622302651861	490093.97267755785	3278.69391926399	2.174634012570217
0.0299	7148893.361544174	339.5655041929457	3.4559494714323504	4803763.751950356	4474.295425135473	0.26195965008104083
0.03005	4504091.079601925	2324.846079963641	0.5026034381165696	486373.40124222735	3275.335296590487	2.1788621508818946
0.0302	4496884.533874561	2327.943810957867	0.4993627589375131	482677.17154357873	3271.971355149305	2.1830914177428857
0.03035	4489677.988147198	2331.037425360597	0.4961400622029249	479005.09970594506	3268.6019852243785	2.1873222620352424
0.0305	4482471.442419834	2334.1269395400263	0.4929353229467872	475357.09265528823	3265.2272208791733	2.191554274601505
0.03065	4475264.896692472	2337.212369756162	0.4897484556625937	471733.04399413755	3261.847017170827	2.195787536777704
0.0308	4468058.350965109	2340.2937321618283	0.48657936155971626	468132.76801713486	3258.461320641715	2.2000223782576067
0.03095	4460851.805237746	2343.37104280365	0.4834279767840747	464556.1837005577	3255.0701227020177	2.2042585968218433
0.0311	4453645.259510383	2346.4443176230266	0.48029423031769425	461003.14771259174	3251.673409051995	2.208496140183815
0.03125	4446438.71378302	2349.5135724570987	0.477178048155302	457473.5470030738	3248.271161130998	2.2127351914211726
0.0314	4439232.168055656	2352.578823039697	0.47407935456387396	453967.2569783172	3244.8633524580623	2.2169755291092517
0.03155	4432025.6223282935	2355.6400850022846	0.47099807049890974	450484.1602032032	3241.449970278603	2.2212174527914113
0.0317	4424819.07660093	2358.697373874889	0.4679341182940057	447024.1072169474	3238.0309951381964	2.225460836638955
0.0317	7156099.907271537	317.634444264289	3.4702949007719064	4827940.957618496	4477.516218601748	0.24493224977416989
0.03185	4417612.530873567	2361.7507050870176	0.4648874341253969	443587.00587513216	3234.606427372487	2.2297056440014913
0.032	4410405.985146204	2364.8000939685685	0.46185795084640985	440172.74579837144	3231.1762608608087	2.2339519027803116
0.03215	4403199.439418841	2367.845555750728	0.4588455544015767	436781.1525958221	3227.7404624885307	2.238199837890572
0.0323	4395992.893691478	2370.8871055668596	0.455850211714751	433412.1575529077	3224.299062096373	2.2424491223365153
0.03245	4388786.347964115	2373.9247584533773	0.45287183552745464	430065.619473152	3220.8520295352505	2.246699956355512
0.0326	4381579.802236752	2376.9585293506184	0.44991034858924783	426741.4233414034	3217.3993760235344	2.250952277909665
0.03275	4374373.256509389	2379.9884331036947	0.44696567522518366	423439.4491726619	3213.9410999553556	2.255206173435579
0.0329	4367166.710782025	2383.014484463346	0.4440377495625729	420159.5844456197	3210.4772117309526	2.2594615420392956
0.03305	4359960.165054662	2386.036698086774	0.44112648584209757	416901.70325144345	3207.0076912247323	2.2637185480565263
0.0332	4352753.619327299	2389.0550885384705	0.4382318154985614	413665.68705094885	3203.532570743828	2.267977108174789
0.03335	4345547.073599936	2392.06967029104	0.4353536676025406	410451.4244093396	3200.051840772961	2.272237225043645
0.0335	4338340.527872574	2395.080457726005	0.4324919747822637	407258.80865016714	3196.5655256509935	2.2764988264264514
0.03365	4331133.982145211	2398.0874651346094	0.4296466467023311	404087.7117146608	3193.073624748019	2.280762099581821
0.03395	4323927.436417848	2401.0907067186076	0.4268176277159381	400938.02281080955	3189.576166442727	2.28502683983855
0.03395	7163306.452998901	294.0723528799607	3.484686574302405	4852218.787975096	4480.734696406669	0.22666278414935853
0.0341	4316720.890690484	2404.0901965910493	0.42400483240677583	397809.6115481041	3186.0731345242775	2.2892932555147087
0.03425	4309514.344963121	2407.085948777051	0.4212081927106104	394702.3958012132	3182.5645769011794	2.293561197465791
0.0344	4302307.799235757	2410.077977214564	0.418427640257301	391616.2297032628	3179.0504954245903	2.2978307501375164
0.03455	4295101.253508395	2413.0662957551267	0.41566309046481714	388551.03088670305	3175.530910836243	2.3021018451481607
0.0347	4287894.707781032	2416.050918164618	0.4129144848039471	385506.6485124012	3172.005838846482	2.3063745493071255
0.03485	4280688.162053669	2419.0318581239935	0.41018174243589883	382483.0057628188	3168.4753048244393	2.3106488361521427
0.035	4273481.616326306	2422.009129230017	0.40746478874784026	379479.96409217676	3164.9393296512553	2.314924752708496
0.03515	4266275.070598943	2424.9827449959866	0.4047635577489273	376497.43425334996	3161.397955875518	2.319202164760302
0.0353	4259068.524871579	2427.952718852449	0.4020779707752849	373535.2821162658	3157.8511668986503	2.323481250712989
0.03545	4251861.9791442165	2430.9190641479045	0.3994079699739577	370593.41775559454	3154.299021796873	2.327761869289238
0.0356	4244655.433416853	2433.881794149513	0.3967534621031964	367671.7186633684	3150.7415510015067	2.332044041995771
0.03575	4237448.88768949	2436.8409220437798	0.3941143972939396	364770.06645066093	3147.1787712977084	2.3363278469230466
0.03605	4230242.341962127	2439.796460937245	0.3914906964802272	361888.3766201027	3143.6107009974767	2.340613190923698
0.0362	4223035.796234764	2442.748423857158	0.3888822762714621	359026.5128183385	3140.037378574135	2.344900092488955
0.03635	4215829.250507401	2445.69682375215	0.3862890806312085	356184.38989530184	3136.458852689013	2.3491885504117893
0.0365	4208622.704780038	2448.641673492894	0.3837110301704947	353361.87869365956	3132.8751300694944	2.3534786521040894
0.0365	7170512.998726264	268.45010201829024	3.499124941941472	4876596.447758904	4483.951178042391	0.20682224148262587
0.03665	4201416.159052675	2451.582985872762	0.3811480562057527	350558.88174092857	3129.286254436158	2.3577702444807462
0.0368	4194209.613325312	2454.5207736084726	0.37860010036810327	347775.2940448787	3125.69227317802	2.362063360185943
0.03695	4187003.067597949	2457.455049340732	0.3760670710972092	345011.00356051745	3122.0932097075333	2.3663580562080533
0.0371	4179796.5218705856	2460.3858256348713	0.37354891233190934	342265.9050309975	3118.489092459529	2.370654286597304
0.0374	4172589.976143223	2463.31311498147	0.3710455457956024	339539.87918124447	3114.8799653780266	2.3749520464068437
0.03755	4165383.4304158594	2466.236929796981	0.3685569053363326	336832.83383629	3111.26586437356	2.3792513537874096
0.0377	4158176.8846884966	2469.1572824243426	0.3660829270273225	334144.6621750473	3107.646830935582	2.3835521125668726
0.03785	4150970.3389611333	2472.0741851335874	0.3636235240796249	331475.25512854167	3104.0228936701474	2.3878544353469326
0.038	4143763.7932337704	2474.987650122444	0.36117865051680714	328824.5092946901	3100.3941134007796	2.392158199260576
0.03815	4136557.247506407	2477.8976895169308	0.35874821136195323	326192.3118434133	3096.7605024954037	2.3964635493689768
0.0383	4129350.7017790442	2480.804315371946	0.356332158199439	323578.5723245987	3093.1221174215284	2.4007702515511933
0.0386	4122144.156051681	2483.70753967185	0.3539304151913041	320983.1791179931	3089.479009392942	2.4050784909804945
0.03875	4114937.610324318	2486.6073743310426	0.3515429071731269	318406.0292006945	3085.8311942231962	2.4093881724279744
0.0389	4107731.0645969547	2489.503831194531	0.3491695680970001	315847.0075255687	3082.1787233096256	2.413699316190617
0.03905	4100524.518869592	2492.396922038497	0.346810338957672	313306.03391409497	3078.5216459709955	2.4180118176087557
0.0392	4093317.9731422286	2495.286658570855	0.3444651304269481	310782.9764362949	3074.859997108886	2.422325935496381
0.03935	4086111.4274148657	2498.173052431802	0.3421338999170899	308277.7665432898	3071.1938384088107	2.4266412727426374
0.03965	4078904.8816875024	2501.05611519437	0.33981656120422177	305790.2777896308	3067.5231980070516	2.4309580122714225
0.0398	4071698.3359601395	2503.935858364962	0.33751305320835506	303320.41192024556	3063.848112867122	2.4352762667572163
0.0398	7177719.5444536265	240.10907067186093	3.513610217360649	4901075.100972329	4487.165357092476	0.18490558469581217
0.03995	4064491.790232776	2506.8122933838913	0.3352233004443908	300868.06757193746	3060.168632823303	2.4395958405635483
0.0401	4057285.2445054133	2509.68543162591	0.3329472417713827	298433.14923667203	3056.484806714358	2.443916782938763
0.04025	4050078.69877805	2512.5552844007348	0.3306848113613299	296015.5549786989	3052.796687630295	2.4482390481789498
0.04055	4042872.153050687	2515.421862953565	0.32843594280108884	293615.18436329474	3049.1043117651443	2.452562643827233
0.0407	4035665.607323324	2518.285178465598	0.32620055761278377	291231.92959734774	3045.4077158900245	2.45688759568069
0.04085	4028459.061595961	2521.1452420545384	0.32397860195482875	288865.7026121865	3041.7069616048657	2.4612138098477683
0.041	4021252.5158685977	2524.002064775099	0.32177000301768965	286516.3973924173	3038.0020854074146	2.465541314520444
0.0413	4014045.970141235	2526.8556576195024	0.3195746964211749	284183.91380577977	3034.2931435292894	2.4698701069359785
0.04145	4006839.424413872	2529.7060315179733	0.31739260953206494	281868.1521339298	3030.5801675373614	2.4742001738436477
0.0416	3999632.8786865086	2532.5531973392267	0.3152236777526154	279569.01945125643	3026.8632151370816	2.478531493722556
0.04175	3992426.332959146	2535.397165890951	0.313067836457458	277286.41173913836	3023.142325402888	2.4828640112754123
0.04205	3985219.7872317825	2538.2379479202878	0.3109250194451452	275020.22914277774	3019.4175538662203	2.487197840398725
0.0422	3978013.2415044196	2541.0755541143044	0.30879516496675075	272770.3869989498	3015.6889359892866	2.4915327656107817
0.04235	3970806.6957770563	2543.9099951004646	0.30667820108632826	270536.773217833	3011.9565347114653	2.495868905137711
0.0425	3963600.1500496934	2546.741281447091	0.30457406539584075	268319.30070388474	3008.220382932444	2.5002062021386235
0.0428	3956393.60432233	2549.569423663827	0.30248268998009836	266117.86843811744	3004.4805279426473	2.5045446902568536
0.04295	3949187.0585949672	2552.394432202089	0.3004040148317447	263932.38350538455	3000.7370339529666	2.5088842642548785
0.0431	3941980.512867604	2555.2163174555203	0.2983379651525204	261762.7422532783	2996.9899267751634	2.5132249526649635
0.04325	3934773.967140241	2558.035089760435	0.2962844850146103	259608.86187689987	2993.239262358132	2.5175667559971506
0.04355	3927567.4214128777	2560.85075939626	0.2942435083271219	257470.63899846486	2989.4850941455493	2.521909610679113
0.0437	3920360.875685515	2563.663336585974	0.2922149638504617	255347.9798324434	2985.727453972867	2.5262536326037304
0.04385	3913154.3299581516	2566.4728314965373	0.2901987990990466	253240.78860962056	2981.9664056624633	2.5305985948772944
0.04415	3905947.7842307887	2569.2792542393245	0.2881949326681616	251148.96650526018	2978.201973572598	2.5349446874254995
0.0443	3898741.2385034254	2572.0826148705464	0.2862033158415275	249072.43039829916	2974.434232442363	2.539291725383237
0.04445	3891534.6927760625	2574.88292339167	0.2842238815817142	247011.08751165736	2970.6632155133625	2.543639744035944
0.04445	7184926.090180989	207.9405548809058	3.5281416008530733	4925653.966010173	4490.377323574267	0.16006211148283864
0.04475	3884328.147048699	2577.6801897498376	0.2822565602796378	244964.83262673012	2966.8889620231507	2.547988778837212
0.0449	3877121.6013213363	2580.4744238382764	0.2803012890558138	242933.5765005905	2963.111526911277	2.55233881905667
0.04505	3869915.055593973	2583.265635496708	0.2783580126405107	240917.23232760016	2959.3309466976875	2.556689708569501
0.04535	3862708.50986661	2586.0538345117525	0.27642666049520304	238915.70992268735	2955.547285274295	2.5610415548672814
0.0455	3855501.964139247	2588.8390306173274	0.2745071718258714	236928.90246942057	2951.760575397597	2.5653943215580632
0.04565	3848295.418411884	2591.6212334950474	0.2725994808493575	234956.73268750336	2947.9708593828477	2.5697479725312666
0.04595	3841088.872684521	2594.400452774613	0.27070352768908074	232999.10204692156	2944.17818809935	2.5741025019293384
0.0461	3833882.326957158	2597.176698034202	0.26881924850966643	231055.92388443675	2940.382605424914	2.578457928403008
0.04625	3826675.781229795	2599.949978800855	0.2669465885588546	229127.1078869124	2936.584165553665	2.582814096269825
0.04655	3819469.2355024316	2602.720304550855	0.2650854681920542	227212.55872350984	2932.782893664722	2.587171175819962
0.0467	3812262.689775069	2605.4876847101045	0.26323584362514874	225312.19012183038	2928.9788455241887	2.591529050012193
0.047	3805056.1440477055	2608.252128654503	0.26139763984867154	223425.9086437102	2925.172054162591	2.5958877151854693
0.04715	3797849.5983203426	2611.0136457103154	0.25957080472031846	221553.63685185334	2921.3625788243558	2.6002470731490246
0.0473	3790643.0525929793	2613.7722451545387	0.25775527127307757	219695.26897549155	2917.5504513864907	2.6046072627156813
0.0476	3783436.5068656164	2616.527936215267	0.2559509766223533	217850.72663445768	2913.7357227521425	2.6089681569028094
0.04775	3776229.961138253	2619.280728072051	0.2541578648824471	216019.9162749033	2909.918419025379	2.613329853559094
0.04805	3769023.4154108902	2622.0306298562527	0.2523758707130619	214202.75879321346	2906.098596310252	2.6176921573629497
0.0482	3761816.869683527	2624.777650651404	0.25060493678245727	212399.1587829973	2902.2762888190596	2.622055163449803
0.04835	3754610.323956164	2627.521799493551	0.24884500208375668	210609.02950567563	2898.4515359244597	2.6264189167824754
0.04865	3747403.7782288007	2630.263085371605	0.2470960023014203	208832.2869084233	2894.624387179302	2.6307832904495916
0.0488	3740197.232501438	2633.001517227683	0.24535788024834018	207068.8385357307	2890.7948594244835	2.635148299599213
0.0491	3732990.6867740746	2635.7371039574505	0.24363057447981953	205318.6059856413	2886.9630232105515	2.6395139428373744
0.04925	3725784.1410467117	2638.4698544104563	0.24191402426685055	203581.49869427917	2883.1288916796816	2.6438802470281484
0.04955	3718577.5953193484	2641.1997773904686	0.24020817467029024	201857.43382584272	2879.2925141291357	2.648247078850209
0.0497	3711371.0495919855	2643.9268816558047	0.2385129621020302	200146.321613751	2875.453923800909	2.652614547392054
0.05	3696957.9581372594	2649.372668850428	0.23515421194371128	196762.62348739585	2867.770246108011	2.6613511831146206
0.05	3704164.503864622	2646.6511759196587	0.2368283295251137	198448.08101039936	2871.6131605527416	2.6569825465155827
